NAME : xql662
COMMENT : Bonn VLSI data set with 662 points
COMMENT : Uni Bonn, Research Institute for Discrete Math
COMMENT : Contributed by Andre Rohe
TYPE : TSP
DIMENSION : 662
EDGE_WEIGHT_TYPE : EUC_2D
NODE_COORD_SECTION
2
0	7	6	32	50	47	41	83	97	94	95	106	152	202	238	246	240	244	208	203	232	213	177	185	216	234	186	204	205	206	187	184	258	260	259	254	268	267	266	264	252	301	345	335	334	333	330	357	412	422	436	435	427	437	426	466	471	538	586	626	651	655	656	657	659	661	660	658	650	652	654	653	601	600	599	587	558	580	569	570	568	567	559	555	551	590	552	581	591	593	592	550	489	512	514	516	560	571	561	594	622	647	636	629	628	638	637	639	649	648	640	641	643	645	644	642	627	618	604	603	605	623	634	635	632	631	630	602	595	597	598	607	608	609	612	617	615	620	633	619	614	624	613	616	621	625	646	611	610	606	596	515	513	510	511	508	509	503	517	519	572	583	582	573	574	577	585	576	579	578	575	584	518	502	490	491	492	488	485	481	482	479	472	473	493	520	521	554	562	553	537	524	525	528	527	536	531	530	529	533	539	563	564	565	566	588	589	545	548	547	557	546	549	544	556	541	543	542	540	532	534	535	526	523	522	496	495	494	474	438	439	442	460	461	462	445	447	475	448	497	505	504	498	506	500	501	507	499	446	444	443	441	440	403	404	387	376	377	428	375	359	405	415	417	416	414	406	408	409	429	433	463	470	469	449	459	451	452	455	454	458	467	468	457	464	476	483	484	486	487	480	477	478	465	456	453	450	407	360	364	392	398	399	397	396	363	381	382	380	379	378	362	365	361	366	367	368	418	372	373	384	413	430	431	432	421	420	419	386	393	423	424	425	434	395	411	394	385	391	388	390	389	401	402	383	400	410	371	370	369	358	269	295	338	353	347	339	340	349	354	355	356	374	348	350	351	352	337	346	294	292	293	307	324	323	322	336	314	313	271	296	327	328	329	325	326	308	316	315	317	318	319	299	300	298	297	309	274	273	272	270	275	280	281	285	284	283	286	331	342	341	343	344	282	291	287	288	302	310	312	311	306	304	320	321	332	303	289	290	305	279	278	277	276	157	131	242	243	261	263	262	145	146	96	92	89	87	86	85	84	42	48	55	56	72	74	81	75	76	73	57	53	49	58	98	102	101	111	110	109	108	134	144	180	207	181	178	192	193	237	194	197	229	198	201	211	255	256	257	212	231	253	265	230	250	251	222	249	223	210	248	247	217	241	239	209	200	199	196	195	189	236	245	190	191	228	188	218	226	227	235	225	233	219	220	221	179	162	171	172	175	182	215	224	214	183	174	173	176	170	169	168	167	143	161	160	142	155	147	149	148	141	136	135	107	133	132	112	116	118	117	115	114	119	129	123	124	137	156	153	154	159	158	138	151	150	128	139	127	163	164	165	166	130	126	125	122	121	120	113	68	59	60	69	61	62	63	70	64	65	71	66	80	105	140	103	79	78	99	100	104	77	67	51	35	40	46	82	93	91	88	90	45	54	38	52	37	44	30	31	39	5	29	28	27	26	25	24	4	34	23	22	3	21	20	19	18	17	1	8	2	16	15	33	14	13	9	10	11	43	12	36	0	
aprx dist: 5891.694335336009477
Execution time: 2(ms)
TSP algorithm time: 2(ms)
	Command being timed: "./min_weight_loop_w_insertion ./dataset/xql662.tsp"
	User time (seconds): 0.00
	System time (seconds): 0.00
	Percent of CPU this job got: 100%
	Elapsed (wall clock) time (h:mm:ss or m:ss): 0:00.00
	Average shared text size (kbytes): 0
	Average unshared data size (kbytes): 0
	Average stack size (kbytes): 0
	Average total size (kbytes): 0
	Maximum resident set size (kbytes): 3992
	Average resident set size (kbytes): 0
	Major (requiring I/O) page faults: 0
	Minor (reclaiming a frame) page faults: 168
	Voluntary context switches: 1
	Involuntary context switches: 0
	Swaps: 0
	File system inputs: 0
	File system outputs: 8
	Socket messages sent: 0
	Socket messages received: 0
	Signals delivered: 0
	Page size (bytes): 4096
	Exit status: 0
