NAME : kz9976
COMMENT : 9976 locations in Kazakhstan
COMMENT : Derived from National Imagery and Mapping Agency data
TYPE : TSP
DIMENSION : 9976
EDGE_WEIGHT_TYPE : EUC_2D
NODE_COORD_SECTION
2

Path: 
0	7	15	5	4	6	10	34	33	23	48	47	44	38	37	77	76	75	72	80	69	66	64	88	86	90	84	83	82	81	61	60	67	93	101	96	94	103	218	216	225	245	237	266	362	279	229	261	253	277	295	293	329	326	341	365	379	375	369	363	460	386	437	410	520	521	552	592	564	654	644	628	734	731	706	755	834	904	835	832	963	1032	1092	1139	1163	1159	1201	1180	1305	1300	1353	1349	1348	1382	1413	1388	1533	1530	1789	1601	1594	1823	2313	2499	2747	2644	2810	2919	3524	5512	5609	5760	5871	6012	6163	6257	6256	6430	6492	6582	6724	6824	6800	6877	6927	6989	7042	7248	7074	7266	7352	7405	7490	7459	7506	7578	7651	7635	7621	7659	7609	7592	7727	7631	7746	7793	7835	7872	7999	8128	8069	8049	7945	7988	7973	7950	7920	7844	7871	8027	8112	8144	8210	8305	8358	8352	8501	8400	8376	8478	8457	8555	8648	8632	8705	8804	8874	8994	9037	9044	9073	9115	9158	9150	9136	9313	9383	9470	9448	9583	9682	9671	9650	9641	9622	9699	9753	9789	9774	9771	9779	9819	9844	9870	9884	9922	9927	9949	9962	9957	9956	9968	9973	9970	9969	9974	9953	9966	9930	9945	9943	9937	9958	9959	9972	9964	9967	9975	9971	9960	9896	9886	9908	9910	9947	9929	9924	9909	9894	9913	9936	9955	9963	9948	9952	9946	9892	9838	9841	9861	9911	9857	9882	9891	9899	9921	9926	9944	9880	9888	9906	9898	9912	9938	9933	9950	9903	9914	9931	9951	9965	9934	9925	9942	9887	9895	9915	9904	9916	9917	9919	9935	9954	9961	9901	9928	9939	9918	9905	9941	9907	9874	9868	9862	9768	9815	9859	9851	9875	9902	9850	9792	9793	9804	9816	9837	9883	9864	9833	9853	9842	9832	9827	9773	9836	9881	9885	9923	9900	9858	9788	9807	9826	9854	9871	9920	9940	9932	9897	9866	9824	9812	9829	9860	9890	9798	9800	9814	9823	9818	9810	9835	9811	9820	9879	9825	9702	9615	9688	9710	9703	9722	9786	9801	9813	9736	9712	9727	9750	9803	9817	9834	9821	9856	9845	9840	9843	9846	9865	9749	9660	9751	9796	9822	9785	9707	9686	9764	9809	9831	9791	9828	9867	9873	9893	9869	9852	9877	9778	9808	9839	9872	9849	9876	9878	9848	9889	9795	9863	9724	9752	9694	9706	9732	9782	9797	9805	9830	9847	9855	9777	9802	9738	9766	9693	9717	9756	9790	9775	9742	9806	9758	9776	9713	9675	9698	9483	9582	9656	9697	9578	9638	9645	9559	9612	9520	9593	9644	9651	9655	9670	9685	9745	9743	9714	9740	9747	9705	9669	9725	9762	9765	9784	9783	9692	9665	9605	9514	9513	9573	9509	9521	9623	9661	9704	9737	9720	9767	9739	9687	9700	9733	9761	9763	9799	9760	9781	9643	9524	9570	9625	9674	9677	9563	9596	9620	9546	9566	9572	9601	9579	9592	9629	9544	9604	9647	9657	9718	9676	9741	9679	9748	9624	9627	9672	9673	9719	9721	9769	9787	9729	9772	9757	9794	9683	9711	9759	9528	9548	9577	9610	9632	9642	9555	9587	9617	9637	9664	9691	9668	9586	9631	9690	9746	9728	9731	9701	9735	9754	9734	9770	9646	9709	9755	9619	9689	9723	9780	9560	9616	9576	9696	9730	9567	9621	9565	9653	9681	9608	9606	9649	9708	9695	9662	9715	9716	9648	9744	9584	9562	9635	9680	9726	9684	9654	9618	9591	9564	9597	9613	9611	9607	9588	9543	9557	9609	9568	9585	9569	9471	9440	9460	9455	9457	9426	9472	9523	9558	9532	9545	9575	9639	9636	9595	9633	9659	9574	9497	9487	9393	9175	9188	9224	9205	9276	9310	9290	9281	9280	9382	9372	9201	9274	9338	9412	9387	9496	9511	9432	9378	9461	9515	9522	9334	9266	9415	9445	9507	9254	9358	9431	9289	9350	9364	9480	9549	9658	9678	9667	9652	9561	9630	9634	9663	9666	9508	9580	9640	9602	9531	9594	9547	9512	9581	9371	9410	9429	9458	9400	9486	9490	9538	9416	9421	9519	9540	9530	9552	9539	9529	9589	9626	9600	9599	9598	9425	9453	9553	9499	9516	9503	9466	9242	9277	9360	9464	9394	9374	9366	9377	9427	9403	8793	8829	8840	8868	8923	8939	8914	8915	8940	9094	9019	9059	9038	9127	9192	9272	9328	9379	9336	9268	9292	9214	9223	9285	9329	9392	9367	9385	9304	9014	9117	9027	9090	9187	9284	9327	9397	9442	9381	9237	9273	9332	9270	9271	9302	9419	9318	9265	9204	9147	9209	9450	9489	9506	9502	9459	9402	9409	9443	9491	9262	9335	9352	9283	9287	9395	9422	9498	9493	9363	9408	9446	9456	9505	9386	9365	9391	9342	9308	9418	9311	9324	9369	9439	9504	9373	9325	9361	9492	9494	9465	9537	9339	9477	9414	9351	9433	9525	9468	9510	9518	9349	9417	9462	9452	9441	9550	9467	9449	9536	9479	9551	9542	9501	9482	9526	9517	9495	9556	9535	9534	9533	9500	9411	9485	9554	9267	9319	9355	9444	9301	9227	9326	9279	9307	9213	9066	9151	9171	9203	9131	9170	8681	8774	8819	8845	8980	8977	9046	9092	9160	9135	9137	9222	9182	9061	9096	8992	9080	9093	9139	9023	9045	9140	9229	9291	9077	9198	9155	9210	9316	9132	9220	9124	9105	9144	9257	9156	9243	9420	9118	9437	9183	9211	9322	9165	9246	9300	9348	9407	9380	9354	9353	9375	9259	9261	9263	9178	9315	9396	9406	9347	9181	9282	9399	9405	9359	9075	9114	9063	8956	8825	8816	8905	8991	8995	8615	8695	8781	8894	8875	8973	8812	8856	8832	8783	8889	8818	8835	8919	8872	8987	8996	9048	9050	9031	8831	8953	8843	8869	8857	8870	8943	9076	9113	9196	9138	9039	8969	8896	8879	8945	8964	8974	8913	9010	9024	9086	9166	9191	9244	9212	9009	9126	9043	9097	8858	8888	9013	8935	9111	9112	8933	8946	8988	9110	9054	9134	9123	9162	9174	9278	9299	9298	8928	8978	9040	9008	9018	9106	9033	8908	9081	8959	9078	9119	9103	9177	9184	9194	9241	9238	9215	9195	9200	9247	9248	9258	8961	9070	8960	8968	9034	9049	9108	9149	8911	8941	9007	9079	8934	9085	9219	9236	9235	9122	8948	8963	8984	9234	9333	9390	9346	9331	9055	9100	9255	9207	9330	9208	8922	9002	9001	9101	9133	9042	9154	9253	9017	8929	9125	9297	9436	9345	9401	9389	9463	9218	9240	9006	9130	8983	9084	9129	9152	9121	9088	9233	9252	8951	9000	9069	9186	9128	9269	9344	9404	9430	9478	9474	9321	9199	9232	9296	9370	9026	9083	8955	9011	9164	9286	9424	9362	9095	9099	9142	9337	9260	9231	8985	9197	9089	9225	9320	9476	9398	9473	9484	9053	9041	9143	9295	9481	9451	9343	9169	9161	8999	8998	8967	8979	9052	9068	9051	9179	9309	9423	9294	9064	9163	9250	9074	9185	9153	9120	9228	9251	9306	9435	9340	9217	9056	9141	9312	9469	9341	9388	8975	9082	9173	9206	9293	9317	9434	9168	9230	9314	8907	8954	8725	8756	8738	8699	8452	8526	8494	8564	8606	8629	8720	8767	8584	8675	8620	8531	8562	8587	8642	8660	8759	8541	8611	8667	8790	8809	8912	8986	8962	8965	8989	8799	8656	8766	8861	8810	8903	8981	8610	8539	8612	8679	8732	8920	9015	8950	8779	8811	8821	9067	9104	9005	8691	8916	8925	9035	8698	8820	8938	9021	9016	9036	8924	8972	8927	9012	9062	8883	8830	8891	8890	8970	8990	9058	9102	8873	9003	8854	8952	9029	8906	8833	8855	8898	9047	9107	9245	9475	9541	9603	9628	9028	8958	8971	9060	9157	9256	9447	9275	9239	9357	9428	9590	9190	9368	9305	9438	9249	9323	9303	9146	9189	9454	9025	9109	8976	9020	9065	9116	9180	9202	9098	9148	9167	8949	8917	8944	8838	8957	9032	9193	9384	9356	9614	9413	9376	9288	9527	9159	9226	9264	8876	8899	9176	9221	9488	9571	8931	8886	8860	8901	8947	9071	9216	8966	8878	8993	9022	8859	8892	8871	8930	8982	9091	9172	9030	8997	8895	9004	9072	9057	9087	9145	8837	8844	8932	8900	8942	8839	8841	8884	8500	8585	8618	8579	8447	8303	8304	8360	8503	8598	8686	8753	8512	8616	8633	8674	8570	8347	8355	8155	8246	8169	8257	8209	8293	8346	8359	8440	8476	8545	8551	8624	8473	8600	8639	8661	8728	8461	8423	8337	8368	8330	8220	8208	8233	8343	8443	8565	8546	8528	8623	8636	8690	8724	8836	8817	8796	8822	8722	8795	8785	8662	8713	8272	8230	8349	8498	8589	8378	8249	8336	8241	8298	8438	8594	8663	8802	8815	8842	8701	8755	8826	8651	8702	8737	8735	8741	8602	8441	8403	8442	8265	8356	8445	8502	8522	8677	8678	8583	8348	8335	8484	8621	8744	8425	8590	8689	8751	8750	8768	8394	8524	8454	8482	8572	8676	8729	8800	8834	8764	8887	8709	8748	8803	8778	8780	8739	8798	8877	8727	8740	8813	8853	8761	8647	8504	8591	8421	8306	8362	8390	8270	8357	8401	8277	8366	8380	8397	8364	8374	8429	8550	8619	8635	8301	8414	8289	8433	8453	8535	8489	8599	8684	8777	8789	8882	8867	8719	8782	8801	8792	8897	8703	8714	8700	8743	8290	8472	8540	8586	8593	8711	8762	8807	8885	8866	8581	8742	8808	8852	8530	8628	8561	8609	8776	8862	8850	8734	8758	8391	8353	8419	8508	8692	8459	8519	8560	8533	8608	8518	8625	8788	8849	8851	8697	8723	8659	8622	8418	8517	8574	8641	8666	8731	8893	8757	8573	8578	8506	8516	8395	8717	8902	8787	8786	8828	8880	8863	8921	8726	8846	8909	8432	8471	8597	8627	8654	8704	8718	8747	8806	8824	8775	8770	8910	8881	8918	8655	8730	8805	8865	8926	8937	8936	8848	8653	8571	8463	8413	8488	8514	8529	8487	8904	8468	8486	8456	8538	8847	8864	8417	8446	8716	8469	8470	8424	8460	8511	8556	8448	8479	8455	8626	8515	8638	8712	8426	8566	8665	8430	8431	8493	8640	8547	8548	8567	8480	8475	8552	8553	8617	8427	8310	8332	8373	8269	8076	8145	8199	8247	8258	8326	8345	8327	8416	8428	8467	8375	8170	8234	8273	7794	7855	7803	7825	7873	7909	7951	8019	8077	7989	8036	8146	8171	8184	8211	8274	8235	8278	8314	8328	8369	8384	8147	8185	8221	8007	7921	7990	7952	8008	8148	8255	8280	8259	8370	8405	8520	8406	8474	8404	8200	8212	8279	8338	8078	8156	7874	7875	7902	7885	7924	7982	8009	8037	8088	8113	8214	8281	8434	8339	8385	8439	8491	8222	8083	8129	8114	8157	8223	8321	8275	8229	8186	7974	7935	8010	7896	7910	8000	8046	7936	8041	8122	8134	8160	8038	8159	8158	8365	8386	8250	8407	8557	8568	8381	8536	8592	8244	8276	8393	7953	8115	8299	8492	8422	8464	8408	7954	7991	8101	8151	8383	8490	8595	8685	8668	8527	8161	8172	8283	8282	8444	8465	8669	8466	8569	8650	8558	8687	8708	8575	8295	8331	8477	8680	8554	8682	8563	8361	8371	8634	8688	8542	8670	8749	8398	8320	8173	8363	8706	8791	8797	8736	8769	8827	8814	8794	8754	8765	8415	8513	8745	8752	8771	8604	8772	8671	8175	8174	8322	8509	8251	8354	8202	8292	8462	8614	8523	8549	8451	8521	8645	8643	8483	8784	8543	8707	8576	8721	8657	8746	8664	8696	8733	8760	8382	8449	8311	8236	8205	8284	8377	8402	8582	8694	8763	8710	8773	8300	8450	8525	8559	8580	8652	8693	8646	8658	8683	8644	8649	8596	8607	8715	8499	8507	8605	8532	8603	8637	8537	8601	8481	8260	8329	8485	8458	8333	8399	8315	8319	8176	8177	8238	8388	8392	8262	8285	8317	8510	8372	8495	8534	8341	8409	8823	8672	8505	8410	8239	8263	8312	8323	8237	8261	8178	8412	8188	8287	8325	8286	8389	8437	8630	8497	8496	8544	8588	8631	8673	8436	8577	8613	8435	8187	8224	8213	8324	8411	8342	8252	8152	8201	8318	8420	8379	8387	8340	8351	8350	7422	7478	7764	7792	7774	7834	7864	7972	8026	8051	7833	7923	7971	7970	8035	8143	8127	7960	8015	8068	7983	8058	8033	8110	8121	8034	8111	8142	8168	7987	8006	8057	8123	8165	8215	8125	8219	8072	7895	7852	7492	7483	7653	7738	7840	7880	7955	7981	8086	8204	8207	8014	8124	8203	8243	8228	8056	8100	8025	7913	7703	7790	7870	7894	7949	7922	7967	7843	7824	7665	7701	7758	7678	7620	7663	7675	7731	7773	7788	7800	7853	7639	7763	7630	7638	7668	7688	7737	7811	7869	7965	8136	8067	8093	8096	8133	8164	8183	8218	8245	8095	8075	7968	7908	7969	8094	7762	7711	7778	7805	7689	7646	7747	7822	7725	7761	7816	7966	8045	7812	7884	7957	7891	7821	7882	7948	8193	8226	8206	7904	7893	8070	8232	8248	8082	8240	7931	8055	8195	7842	7854	7866	7769	7658	7699	7697	7804	7760	8013	8196	8198	8044	8182	8192	8135	8179	8050	8091	8099	8097	8042	7929	8004	7687	7752	7759	7832	7887	8040	8189	8163	8084	8302	7934	7996	8073	8194	8227	8231	7868	7807	7944	8032	8118	8141	7789	7815	7905	7958	8024	7810	7888	7892	8003	8119	8254	8309	8154	8153	8132	8291	7933	7947	8052	8216	8267	8308	8296	8288	8344	8167	8253	8313	8316	8190	8242	8120	8106	7708	7744	7814	7907	7986	8018	7912	7813	7754	7732	7863	7903	8140	8191	8197	8225	8217	8181	8268	7959	8017	8087	8139	8053	7995	7985	8109	8074	8256	8137	8294	8297	8138	8126	8108	8107	8180	8264	8396	8334	8307	8098	7831	7930	7851	8002	8066	7889	7802	7772	7823	7745	7881	7919	7956	8054	7998	8031	8016	7984	8166	8266	8367	7783	7735	7736	7781	7841	7756	7867	7997	7906	7932	8065	8271	8005	8030	7946	7507	7484	7505	7527	7510	7534	7536	7573	7709	7742	7786	7729	7577	7535	7537	7640	7753	7782	7791	7530	7549	7548	7627	7608	7634	7541	7613	7501	7466	7517	7611	7629	7467	7415	7423	7586	7593	7679	7728	7685	7673	7757	7713	7787	7767	7712	7365	7369	6998	6876	6633	6510	6532	6561	6634	7102	7176	7399	7341	7489	7616	7700	7733	7801	7755	7845	7670	7582	7684	7817	7626	7671	7795	7809	7818	7698	7682	7730	7775	7785	7865	7714	7836	7897	7925	7914	7898	7876	7915	7704	7690	7740	7808	7856	7748	7523	7126	7123	7119	7166	7142	7186	7391	7498	7532	7570	7650	7598	7538	7628	7168	7196	7281	7313	7477	7175	6585	6717	6718	6782	6844	7121	7173	7268	7355	7533	7591	7473	7496	7526	7144	7162	7161	7235	7195	6884	6759	6802	6839	6760	6878	6950	7087	7089	7145	7362	7378	7518	7612	7615	7547	7571	7525	7519	7599	7600	7099	7140	7169	6886	6921	6965	7061	7106	7116	7187	7294	7192	7330	7485	7580	6952	6966	6783	6821	6944	7043	7188	7224	7353	7520	7543	7583	7563	7715	7796	7726	7562	7581	7594	6958	6955	6846	6929	6991	7058	7100	7267	7386	7453	7460	7075	7129	7263	7280	7424	7153	7068	7015	7069	7105	7141	7236	7167	7225	7193	7366	7474	7595	7601	7691	7696	7717	7857	7846	7558	7614	7652	7784	7683	7649	7770	7434	7539	7716	7554	7443	7213	7028	7053	7050	7154	7197	7372	7718	7858	7551	7654	7436	7564	7664	7491	7214	7395	7435	7486	7632	7826	7899	7544	7471	7279	7338	7404	7171	7400	7602	7806	8029	7938	7937	7521	7603	7647	7692	8043	7454	7555	7739	7316	7641	7642	7837	7975	7992	7719	7819	7860	8001	7916	8039	8116	8061	8060	8059	7859	7926	8020	7847	7883	7900	7940	7939	7980	8012	8011	7838	7768	8130	7827	7734	7886	7961	8081	7339	7565	7348	7349	7556	7927	8162	7606	7661	7749	7942	7943	7962	8028	7779	7976	8062	8092	8150	8149	8102	7917	8022	8023	8064	7776	7545	7710	7643	7605	7705	7721	7741	7877	8071	8085	8131	7798	7890	7901	7941	8021	7829	7828	7720	7674	7702	7660	7567	7379	7437	7487	7363	7502	7531	7493	7587	7771	7797	7622	7604	7566	7848	7417	7350	7468	7672	7861	7993	7963	7978	8047	8048	8089	8090	7977	7553	7588	7370	7381	7380	7364	7401	7568	7644	7503	7607	7706	7964	8117	7820	7849	7918	7928	7879	7994	7455	7522	7750	7862	8063	8104	8103	8079	8105	8080	7878	7693	7777	7911	7780	7839	7850	7574	7799	7722	7351	7456	7383	7494	7402	7504	7546	7585	7680	7830	7743	7384	7569	7623	7724	7751	7694	7723	7707	7765	7979	7470	7469	7385	7552	7572	7439	7589	7666	7421	7403	7625	7695	7766	7624	7662	7645	7681	7382	7438	7418	7274	7306	7416	7127	7143	7206	7259	7264	7273	6967	6979	6990	7003	7014	7016	6640	6586	6583	6597	6584	6516	6258	6452	6216	6355	6581	6011	6148	6255	6407	6560	6735	6743	6862	7041	7055	6658	6656	6758	6716	6920	6932	6931	6790	6191	5804	5664	5699	5788	5944	6023	5991	5986	6467	6796	7002	7040	7098	7205	7265	7230	7052	7247	7409	6580	6799	6909	7010	7021	7354	7393	7419	7461	7398	7411	7444	7433	7442	7441	7356	7394	7426	7425	7457	7462	7357	7029	7012	6672	6757	6652	7032	7067	7085	7080	7057	7258	7254	7345	7427	7152	7115	7118	7039	7084	7246	7216	7305	7392	7297	7377	7495	6715	6714	6834	6951	6988	7215	7414	7576	7557	7516	7452	7482	7413	7315	7020	6919	7132	7304	7389	7497	7515	7584	7499	7451	7458	7371	7165	6841	6933	7026	7059	7233	7282	7472	6976	6833	7056	7191	7262	7170	7272	7376	7561	7610	7579	7617	7440	7299	7255	7245	7344	7367	7347	6964	6901	7183	7337	7560	7618	7509	7361	7432	7271	7296	7211	7244	7387	7408	7184	6987	6925	7096	7194	7375	7633	7648	7686	7450	7465	7449	7596	7524	7293	7514	7637	7463	7540	7476	7636	7669	7655	7677	7676	7327	7559	7590	7597	7619	7464	7550	7388	7303	7374	7656	7657	7151	7113	7317	7291	7475	7575	7667	7097	6917	7038	6963	7185	6889	6907	7088	6875	7114	6918	6943	5654	5744	5789	6095	5977	6270	6094	6400	6431	6149	6233	6453	6591	6181	6234	6351	6322	6387	6424	6292	6401	6402	6614	6673	6691	6736	6674	6762	6848	6822	6888	6910	6912	6974	7009	7086	6968	6761	6566	6150	6259	6045	6180	6350	5976	5625	5837	5992	5853	5644	5665	5728	5839	5987	5997	6102	6193	6269	6323	6372	6389	6562	6763	6827	6805	6675	6804	6607	6404	6454	6403	6114	6162	5759	5745	6159	6306	5626	5834	6293	6442	6533	6676	6801	6803	6764	6644	6653	6590	6635	5895	5666	5854	5790	5952	6013	6014	6129	6294	6324	6425	6534	6455	6482	6325	6373	6596	6784	6885	6835	6956	6483	6511	6517	6309	5979	6208	6182	6326	6352	6426	6766	6826	6922	6930	6969	6957	6456	6807	6543	6535	6241	5978	5791	5678	5667	5855	6046	6183	6295	6458	6608	6902	6928	7044	7130	7072	6996	6945	6923	6568	6785	6563	6457	5746	5668	5866	5955	6427	6272	6536	6015	6151	6413	6209	5650	5670	6047	6411	6520	6512	6693	6836	6856	7081	6809	6975	7131	6416	6946	6992	6977	7104	6970	5793	6268	6296	6412	6459	6547	6692	6737	6842	7030	6860	5692	5794	5857	5980	6210	6377	6376	6677	6742	6786	7045	6694	6518	6375	6374	5856	5724	5896	6115	6260	6378	5993	6016	6519	6947	7307	6537	5981	6379	6261	6538	6738	7022	7159	7082	6948	7004	6696	6924	6971	7189	7289	6695	6881	7083	7342	7139	7190	7212	7229	7234	7328	7284	7310	7343	7309	7228	7209	7261	6609	6837	6954	7158	7208	7207	7249	6880	6953	6978	7073	7210	7329	7308	7101	7163	6904	7046	7071	7070	7276	7275	7157	7227	7288	7286	7340	7260	6903	6879	7138	7156	7155	7172	7226	7107	6657	6683	6787	6539	6636	6678	6720	6858	6857	6823	6654	7024	7174	7160	6765	6905	6843	6949	6698	6861	7013	7047	6882	7117	6728	6726	7025	6859	6959	7048	6697	6838	6788	6739	6096	5982	6187	6550	6789	6264	6434	6212	6192	6443	6593	6589	6465	6333	6521	6906	7011	6353	6490	6298	6340	6494	6592	6725	6972	7128	7060	6567	6642	6514	6328	6542	6237	6238	6329	6406	6564	6616	6883	6793	6866	6908	6887	6960	6995	6845	6679	6721	6386	6612	6468	6299	6391	6541	6700	6740	6548	6661	6613	6484	6637	6641	5988	6048	6029	6027	6334	6327	6339	6073	6236	6410	6072	6124	6185	6186	6263	6655	6116	6244	6341	6587	6610	6611	6460	6380	6308	6018	6049	6017	6071	6243	6297	6211	6235	6428	6466	6463	6262	6184	6540	5983	6152	6050	6076	6019	6266	6429	6392	6338	6381	6440	6105	6409	6433	6438	6337	6107	6265	6330	6074	6097	6121	6354	6439	6247	6336	6335	6300	6382	6055	6188	6153	6051	6020	6025	6190	6385	6488	6383	6461	6390	6331	6189	6098	6103	6154	6213	6052	6021	6155	6239	6240	6215	6214	6267	6462	6405	6485	6156	6099	6117	5858	5669	5747	5761	5792	5919	5723	6119	5627	5700	5813	4149	4165	4520	4581	5101	5331	5503	5527	5608	5528	6106	6147	5484	5918	6415	6179	6022	6044	5461	5548	5624	5806	6559	6125	6531	6515	6118	4566	4218	4819	4342	4231	4645	5013	5123	5119	5207	5299	5389	5360	5359	5310	5403	5515	5445	5542	5607	5648	5675	5722	5787	5865	5809	5808	5756	5826	5905	6558	5925	5990	5930	6207	6487	5957	5903	5691	5501	5410	5547	5996	6123	6291	6349	6435	6639	6723	6529	6273	6146	6513	6557	6632	6530	6493	6509	5443	5462	5428	5340	5406	5585	5576	5545	5210	5014	5143	5649	6104	5502	5046	4988	5339	5510	5486	4698	4542	4929	4572	4658	4656	4644	4786	5056	5481	5513	5642	5500	5643	5932	5984	5994	5975	6469	6671	6481	6631	6756	6690	6480	6781	6194	5917	5690	5575	5499	4808	5025	4927	5215	5345	5298	5341	5315	5255	5411	5868	5102	5023	5144	5198	5307	5306	5237	5283	5162	5372	4828	5251	5236	4674	4807	4697	4628	4699	4973	4643	4752	5100	4597	5044	5235	4695	4765	4818	4866	5045	5161	4719	4580	4784	4950	5160	5281	5751	5998	6220	6479	5954	6290	6371	6321	6713	6890	5786	5916	6423	6451	6855	6043	6289	6302	6070	6100	6660	5371	4785	4783	4817	5043	5253	5457	5915	6010	5539	5663	5743	5948	6422	6579	6770	5574	4602	4949	5195	5606	5914	5942	5985	6024	6042	6113	6832	6288	6348	6680	6287	6491	6900	6370	6369	6712	6711	6286	6069	6347	6368	5943	5784	6346	6009	5720	5894	4934	5387	5498	5572	5785	5088	5280	5267	5194	5605	5904	5913	5426	5266	5893	6008	5953	6145	6565	6157	4642	5159	5197	5196	5330	5475	5573	5641	5474	5662	5758	5721	5742	5473	5427	5456	5388	4751	5089	4673	4876	5192	5250	5385	5689	5892	6218	6041	5781	5974	6206	6007	6091	6092	6421	6643	6178	6367	6414	6219	6177	6217	6332	6810	6093	5782	6128	5386	5698	5783	5454	5329	5424	5703	5779	5891	6028	5780	5778	5497	5193	4767	5087	5113	5439	5455	5472	5358	5425	5852	5471	5604	5158	5297	5012	5024	4738	4781	4947	4948	5191	5356	5640	5890	5652	5824	6245	6364	6365	6345	6670	6830	6754	6669	6767	6112	6068	6604	6898	6820	6682	6577	6808	6605	6320	6143	6275	6505	6441	6504	6840	6503	6477	6741	6791	5802	6176	6606	6285	6436	6831	6942	6941	6528	6681	5541	5719	6545	6780	6874	6899	6630	6629	6366	6615	6645	5971	5970	6253	6122	6232	5912	6478	5687	6301	6755	6710	6792	6709	6508	6506	6973	6578	6507	5867	6040	6038	6039	5688	5825	5232	5234	5810	5973	5972	5989	6254	6144	6205	6006	5233	5357	5423	5496	5777	5571	5526	5525	5584	5444	4971	4782	4894	5011	5344	4992	4972	4844	5071	5086	4912	4750	4875	5042	5314	5524	4863	5231	5384	5686	5697	5741	5718	5889	5949	6271	5603	6101	4970	4928	5085	5177	5112	5230	5653	5213	5208	5523	5740	6142	5900	5660	5296	5328	5442	5661	5941	5940	6090	5327	5383	5103	4771	4945	5058	6384	4829	5229	5355	5376	5325	5702	5522	6252	5651	5570	5911	6053	6089	6005	6004	5929	6175	6141	6088	6087	5326	5602	6231	5480	5752	5130	5295	5601	5805	5939	6594	5899	5659	5622	5910	6628	6627	5717	5254	5696	5776	6140	5888	5190	4779	4911	5228	4910	5404	5568	5111	5324	5716	6139	6450	6527	6444	5453	5569	6126	6595	6668	6319	6284	4841	4816	5041	5188	5401	5422	5775	5567	6158	5823	6138	5876	5774	5969	6667	5773	5928	6086	6603	6036	6037	6203	6576	6651	6204	6202	6449	6818	7037	7243	7036	7078	7122	7079	6997	7095	6897	6283	6849	7326	6408	6751	7006	7252	7311	7112	7314	7182	7181	7488	7508	7125	7124	7223	7137	7242	7302	7480	7500	7301	7431	7481	7542	6666	7054	7164	7336	7333	7332	7331	6251	5495	5546	5323	5469	5470	5600	6067	6085	6546	5276	5566	5175	5189	4944	4861	5010	4840	4867	4969	5157	5354	5421	5565	5639	5739	5938	6174	5564	6111	5685	6064	6476	6708	6819	6940	6911	6962	6986	6829	6734	6707	6752	7008	6753	6344	6502	6035	6066	6065	6084	6083	6399	6363	5715	5909	6230	6556	5968	5908	5851	5714	5874	6173	6817	5562	5713	6034	6033	6626	7277	7390	6706	6705	7410	6926	7111	7407	6993	7222	7448	7270	7397	7396	7406	7412	7221	7360	7217	7110	7109	7007	7033	7150	7180	7179	7178	7066	7251	7368	7250	7253	7065	7103	7177	7202	7201	7200	7199	7198	7334	7238	7322	7373	7321	7320	7359	7358	7319	7346	7318	7528	7237	7064	7325	7324	7323	7241	7335	7240	7239	6867	7120	6864	7231	6137	5849	6063	6062	6061	5771	6318	6575	5770	5937	6317	6397	6544	6650	7051	7298	7312	6727	6863	7005	7529	7027	6934	6806	6825	6750	7035	7283	6475	6398	6229	6778	6896	6985	7034	7292	7513	7512	7511	7295	6779	6307	6625	6816	6719	6624	6868	7290	6916	6915	7049	7278	7023	6984	6983	7149	7148	7287	7001	7257	7256	7019	7018	7063	7269	7285	7108	7447	7446	7445	7479	6665	6939	6748	6865	6361	6343	6082	6172	6362	6420	5886	5599	5563	5684	5850	5452	5227	5265	5187	4943	4942	5084	5110	5279	5294	5494	5264	5468	5887	5967	5772	4909	4839	4891	4907	4967	5292	5080	5263	5451	5586	5769	6003	6282	6588	6994	7220	7218	7430	7429	7428	6733	6704	6798	6895	6938	6732	6854	7420	6853	7232	7077	7219	6777	7204	7203	5450	5822	5521	5768	6032	5561	5712	5711	5710	6110	6250	5885	5467	5008	5224	5108	5312	5419	5709	6360	6623	7094	7093	7092	6873	6891	6395	5560	5658	5738	5882	6474	6201	6432	6573	5966	6081	6080	6448	5965	6447	6572	6852	6894	7134	7133	6872	6936	6937	7062	7146	6980	6648	6776	6847	7147	6815	6775	6814	6699	6279	6501	6316	6342	6075	6281	6526	6649	6747	7136	7135	6574	6553	6554	6555	6602	6749	6280	6228	6396	5964	5883	5493	5766	6109	6136	6135	6689	5492	5637	5848	5847	5936	6473	6002	6227	5907	6359	6419	6500	6499	5906	5962	6523	6571	6795	6812	6851	6813	6570	6772	6811	7300	6647	6746	6703	6702	7000	7091	7090	6999	6729	6662	6663	6688	6774	6773	7076	5963	6060	6197	6198	6393	6525	6731	6730	6601	6664	6982	6981	6622	6524	6621	6200	6199	6314	6315	6313	6472	6471	6278	6170	6552	6551	6687	6686	6961	6522	6312	6277	6169	6446	6599	6600	6249	6357	6358	6248	6797	6498	6914	6913	7031	7017	6470	6794	6569	6685	6684	6701	6850	6744	6646	6771	6745	6769	6768	6935	6828	6497	6870	6869	6722	6871	6893	6356	6394	6620	6196	6059	5520	5820	5418	5598	6171	5291	5420	5638	5767	5821	5884	5290	5186	5155	4941	5081	5225	4908	4968	5083	5082	5039	5156	5226	5040	5293	5109	4935	5009	5129	5353	5352	4836	4990	5078	4940	5036	5154	5107	5289	5417	5321	5288	5449	5519	5466	5881	5683	5935	6108	6134	6133	6132	5636	5764	5765	5491	5559	5597	6054	5657	5763	5183	5184	5262	5006	4837	5079	5223	5351	5322	5037	5185	4872	4965	5350	5878	5261	5596	5634	5737	6079	6131	6130	5879	5880	5287	5374	5818	5843	5633	5842	6168	6311	6388	6167	6195	5934	5999	6304	6303	6437	6496	6618	6619	6617	6638	6549	6598	6495	6659	6892	6489	5382	5518	5961	6223	5656	5706	6058	6057	5736	5415	5128	5416	5558	5846	5845	5844	5635	5819	5557	5707	5708	6225	6226	6001	6224	6000	5180	5181	5182	4904	5077	5075	5076	5005	5153	5448	5595	5414	6026	6246	6418	5594	5735	6242	5490	5632	6078	6221	6222	5035	5286	5260	5320	5556	5655	6056	5309	5373	5677	5555	5347	5817	6031	4939	4966	4870	4902	5275	5489	5553	5680	5803	5960	5679	6120	5959	6305	6445	6486	5958	5933	5995	5762	5552	5734	5676	6030	6164	6310	6417	5950	6160	6161	5483	5517	5026	5003	5258	5629	6077	5873	5413	5630	5841	5840	5631	5285	5540	5554	6127	6464	6274	6276	6166	6165	5682	5681	5877	5151	5311	5590	5222	5408	5034	4901	5002	4898	5146	5316	5487	5318	5516	5705	5704	5317	5732	5731	5030	5124	5377	5412	5464	5378	5379	5447	5815	5814	5465	5551	5628	5257	5380	5348	5381	5592	5733	5349	5284	5816	5178	5221	5148	5147	5220	5219	5126	5125	4899	4936	4958	5001	5150	5127	5179	5033	4900	5319	5593	5032	5072	5149	5488	5073	5031	4933	4886	4895	5055	4938	5074	5259	5152	5104	4994	4937	4995	5004	4871	5212	4964	4903	4925	4838	4905	5007	5038	4906	4887	4780	4763	4874	4843	4890	4842	4946	4873	5064	4718	4996	4845	4846	4235	4199	3842	4161	4847	5120	4200	4496	4343	3676	3938	3970	4247	2865	3041	3071	3155	3339	3534	3543	3687	3807	4207	4521	4720	5163	5308	5164	4848	5332	4931	5165	4877	5016	5577	5407	5166	5199	4930	5238	5390	5361	4787	5015	4997	5090	4974	4753	4459	4603	4849	4914	4976	5300	5543	5429	5438	5529	5122	5405	5482	5591	5588	5550	5268	5476	5167	4975	4913	4619	3816	3377	3208	3291	3376	3169	3156	3278	3453	3775	3912	3926	4047	4436	4601	4878	4915	5106	5218	5022	5277	4492	4567	4620	4589	4646	4675	5214	5611	5430	5610	4647	4896	5239	5477	4916	4977	5131	5240	5200	5511	5269	5504	5091	5092	5114	5176	5302	5301	5431	5391	5362	4721	4483	4809	5068	4460	4522	3478	3232	3218	3327	3355	3335	3219	3436	3808	3515	3479	3547	3618	3991	3992	4263	4362	4389	4461	4344	4422	4462	4274	4363	4537	4676	4788	4917	4766	4850	5017	5018	5132	5538	5530	5537	5578	5211	5342	4390	4463	3223	3413	3544	3671	3809	4037	4134	4201	4364	4471	4484	4543	4423	4212	4291	4392	4393	4660	4864	4960	4919	4926	5241	5363	4805	4770	4851	5134	5278	5303	5133	4852	5029	4978	5514	5392	5485	5216	5093	5047	5432	5027	5252	5270	5135	5060	5612	4951	4544	4437	4648	4691	4722	4831	4918	4701	4345	4376	4391	4590	4621	4662	4661	4790	4789	4523	4105	4157	3864	4001	4092	4126	4150	4237	4330	4355	4476	4472	4525	4649	4657	4629	4677	4868	5019	4678	4879	4853	4723	4524	4394	4526	4403	4424	4477	3867	3497	3437	3502	3598	3718	3308	3256	3378	3464	3336	3569	3636	3656	3664	3978	4500	4791	4497	5201	5333	5505	4527	4880	4591	3682	3688	3414	3405	3696	3993	4069	4191	4180	4346	4076	4087	4038	3703	3727	3438	3568	3422	3755	3795	3782	4074	4164	4325	5346	4547	5393	4248	4860	5137	5364	5121	4313	5094	5136	5463	3458	3677	3742	3908	4039	4106	4592	4793	4854	4885	4679	5169	5365	4820	4957	4821	5115	5217	5242	4465	4227	4314	4535	4792	4651	4652	5304	4692	5402	4920	5394	5168	4151	3952	3741	3728	3622	3665	3776	3881	4071	4347	4485	4498	5271	4650	3927	3999	4163	4203	4464	4202	4226	3498	3678	3637	3865	4003	4158	3563	3756	3814	3928	4014	4152	4680	4204	4682	4979	5531	5395	4822	4681	4724	4088	3997	3535	3666	3650	3704	3892	3810	3715	3705	3777	3719	4063	3564	3689	3849	3909	4315	4349	4348	4881	4352	4395	4622	5145	5396	4486	3536	3757	4064	3578	3582	3851	4096	4153	4249	4593	4630	5062	5096	5171	4823	5305	5725	5835	5862	5875	5902	5931	5901	5861	5897	5927	5926	5956	5898	5945	5479	5829	5869	4953	4952	5434	5435	5589	5726	5922	5921	5832	5532	4654	5335	4365	5095	5399	5754	5872	5838	5870	5755	5812	5748	5749	5831	5836	5833	5830	5798	5398	5397	4684	5508	5701	5863	5616	5615	5282	5460	4882	5116	4653	4683	5067	5458	5459	5671	4794	4754	5202	4981	5256	5433	5507	5920	5613	5334	5506	5645	5860	5859	5827	4980	5049	5409	5757	5580	5796	5795	5828	5729	5797	5170	5048	5446	4855	5203	5579	5614	5273	5647	5807	5272	5646	5478	5243	3706	3882	3939	3597	3698	3667	3845	4041	4623	5050	4552	4624	4795	4883	4984	5051	5923	4993	5209	5581	5694	5582	5620	5799	5621	5617	5750	5673	5020	4824	5274	4991	4569	4685	5117	5244	4856	5509	5693	5672	5313	5336	5367	5533	4983	5366	5730	4579	4686	4760	4599	5172	4865	4987	5070	5069	5549	5800	5951	5727	5028	5105	4989	5065	5139	4986	5138	5063	5811	4726	5097	5544	5695	5246	5441	5535	5534	5245	4806	4985	4862	4626	5173	5337	5375	4884	5052	4826	4921	5369	5370	5440	5801	5368	4892	5436	4801	4963	5247	4932	4757	5061	5059	5204	5118	4922	5057	5205	5000	4999	5053	5248	5099	5623	5674	5924	5098	4998	5536	5618	5619	5753	5864	5021	4924	5587	4923	4961	4962	4568	4730	4982	4756	4755	4954	4318	3820	3846	4228	4250	4324	4366	4466	4725	4528	4728	4425	3619	3691	3779	3884	4043	4154	4426	4549	4529	4216	4289	4367	4487	4229	4271	4264	4205	3971	4155	4266	4332	4433	4427	4490	4353	4265	4370	4473	4687	4489	4796	4797	4889	5174	5946	5343	5437	5947	4869	4488	4696	4276	4331	4046	3866	3883	3958	4066	4065	4108	4089	4042	4127	4107	3941	3940	3651	3690	3668	3669	3692	3693	3953	4128	4206	4369	4571	4251	4319	4467	4093	4254	4368	4396	3707	3596	3716	3680	3681	4040	4273	4316	4317	3733	3579	3658	3621	3734	3725	3759	3994	4067	4272	4470	4688	4798	4727	4768	4955	4804	4468	4185	4350	4267	4252	4398	4758	4858	4857	5583	4827	4530	4397	4689	4825	5400	4292	4090	4189	3672	3694	3717	4044	4112	4268	4501	4594	4290	3743	4015	4321	4690	5249	4320	4269	4401	4402	4625	4799	5206	4531	4759	5054	5338	4181	4182	4295	4296	4631	4702	4700	4737	4491	4803	5140	5141	4604	4540	4493	4959	4548	4655	4800	4694	4736	4897	4735	4729	4859	4893	4761	4068	3843	3620	3638	3670	3580	3729	3811	3735	3747	3885	4045	4230	4438	4428	4188	3720	3812	3818	3895	4095	4351	4377	4598	4888	4400	4375	4494	4435	4551	4583	5066	4372	4210	4405	4693	4545	3823	4072	4233	4211	4374	4114	3813	3897	3731	3786	3815	3890	4184	4322	4575	4956	5142	4762	4323	3944	3787	3826	3972	4132	4232	4214	4016	4051	4131	4073	4159	4234	4048	4075	4005	3726	3817	3871	3954	4094	3886	3784	3763	3827	3869	4017	4113	4550	4293	4236	4018	3932	3888	3887	3799	3850	3781	4002	3783	3797	3847	3800	3822	3796	3764	3750	3567	3679	3602	3092	3099	2546	2574	2639	2718	2940	2746	2889	2928	3068	3090	3185	3306	3496	3695	3744	3577	3546	3595	3907	4104	4000	3825	4004	3914	3957	4036	3626	3617	3200	3222	3216	3237	3401	3495	2966	3046	3069	3375	3477	3533	3399	3201	2918	2772	2796	2961	2761	2612	2707	2745	2954	3199	3657	3910	3761	4183	3798	4021	2690	2759	2886	3089	2987	3045	2628	2763	3338	3476	3748	3969	3943	3889	3522	3475	3503	3561	3915	4458	3594	3562	3581	3560	3592	3532	3487	3593	2702	2879	2953	3005	3255	3323	3435	3334	2939	2986	3030	3088	3087	3010	3301	3395	3474	3541	3649	3714	3906	3968	3841	3894	4190	4534	4399	4387	3951	4034	4312	4474	4262	4186	4125	4086	4035	4156	4388	3937	3998	3773	3930	4198	4288	3949	3945	4123	4124	3950	3774	3819	3863	3724	4052	4179	4371	3531	3686	3806	4519	4386	4457	3354	3434	3284	2917	2884	3004	3098	3136	3215	3214	3266	3154	3144	3283	3558	3635	3905	3996	4261	4033	3559	3840	3880	3862	3312	3353	3333	2945	3081	3079	3174	3148	3240	3299	3462	3838	3990	4260	4456	4246	4432	4361	4253	3929	3702	3785	3956	4085	4062	4618	3948	3878	3967	4187	4147	4148	4469	3904	3753	3765	4091	3839	3736	3891	3936	3746	4617	3989	4213	4160	3975	4455	4518	4734	4421	4287	4565	4733	4084	3988	3793	3794	3925	4341	3749	4032	4406	4070	3876	4012	4031	4245	4360	4359	4564	3824	4178	3966	4110	4578	4633	4616	3935	3745	3877	3332	3153	3601	3821	2973	3107	3175	3177	3300	3176	3198	3352	3368	3514	3639	3730	4013	3754	3663	3254	3374	3473	3290	2990	3360	3394	3709	3879	3369	3452	2972	3003	3206	3392	3243	3260	3282	3411	3616	3311	3086	3184	3253	3261	3365	3412	3404	3393	3341	3236	2993	3018	3130	3321	3351	3252	3281	3627	3732	4429	3340	3505	3837	3924	4122	3987	3591	3804	4177	3805	2985	3017	3202	2992	3044	3124	3143	3364	3556	3521	3648	3861	4517	4717	4546	4516	3723	4208	3433	3494	3708	3933	4146	4197	4144	4145	3792	3974	4244	4615	3772	3934	3576	3701	3570	3615	3713	3647	4121	3624	3771	3955	4225	4588	4716	4176	4434	4404	4732	4103	4431	4596	4111	4162	4539	4030	4166	4454	3896	3836	3472	3590	3029	3066	3133	3168	3310	3557	3076	3000	3039	3057	3121	3167	3065	3122	3213	3197	3451	3603	3634	3646	3614	4294	4749	3589	3623	3471	3251	3038	3064	3151	3146	3298	3391	3424	3613	4020	3770	4102	4613	4385	3859	4129	4419	4672	4671	4670	4772	4577	3858	3931	4339	4514	3872	4311	3903	4563	3485	3493	3588	3655	4119	4452	4143	3539	3835	4480	3965	4340	4515	3860	4481	4482	3555	3349	3350	3470	3554	3530	3645	3644	4120	4243	4407	4420	4614	4632	4453	4538	3348	3432	3586	4011	4009	4286	4513	4778	4338	4259	4010	4451	4310	4029	3803	3923	4224	4133	3801	4019	3893	3857	4417	4418	4512	4713	4712	4611	4083	3875	4242	4383	4479	4384	4612	4562	4715	4714	4561	4610	4748	4711	4710	4815	4641	3612	3492	3769	3518	3587	3553	3575	3390	3403	3196	3142	3120	3106	3129	3119	3297	3347	3212	3028	3026	3036	3181	3096	3294	3449	3608	3712	3913	4172	4659	4830	4380	4708	4744	4743	4709	4813	4834	4478	4379	4764	4707	4495	4559	4639	4746	4745	4640	4560	4223	4533	4777	4776	4257	4595	4812	4381	4586	4814	4835	4382	4511	4747	4510	4217	3673	3662	3685	3661	3752	3844	4450	4081	4285	4731	4209	3848	3721	3802	3902	3995	3942	3642	3607	3900	3631	3641	3683	3916	4060	4171	4536	4669	4706	4570	4306	4505	4532	4140	4256	4411	4167	4061	3984	4058	4833	4832	4222	4499	4811	4810	4335	4059	4215	3758	3870	4028	4357	4663	4475	4609	4769	4275	4412	4574	4600	4742	4130	4195	4329	4638	4508	4506	4507	4050	3977	3901	4449	3911	3778	3899	3976	3710	4116	3856	4007	4006	4378	4504	4503	4667	4666	4802	4704	4703	4664	4573	4627	4556	4741	4585	4115	4334	4607	4100	4194	4255	4637	4373	4354	4448	4447	4446	4775	4445	4668	4705	4444	4558	4557	4576	4608	4282	4281	4327	4326	4541	4280	4305	4582	4099	4098	4193	4139	4443	4636	4740	4635	4665	4555	4442	3973	3684	3630	3722	3921	3963	4283	4284	4430	4109	3711	3609	3075	3140	3195	3409	3585	3832	4173	4358	4415	4414	4416	3833	3674	3573	3632	3874	3653	3699	4192	3739	3790	4082	4308	4587	4309	4307	4258	4008	4142	4141	4337	4336	3985	3986	3831	3830	3964	4413	4509	4117	3780	3738	3610	3141	3221	3529	3740	3274	3389	3235	3295	3296	3309	3450	3633	3922	3834	4049	3767	3697	3331	3373	3363	3574	3700	3768	3947	4118	3791	4101	4174	4196	4175	3611	3410	3362	3469	3552	3551	3654	3675	3643	3550	3035	3052	3074	3193	3249	3509	3737	3210	3220	3280	3408	3572	3606	3605	3762	3920	4241	4328	4221	4240	4441	4634	4502	4554	4553	3491	3526	3855	3760	3766	3467	3510	3527	3660	3234	3346	3468	3388	3431	3511	3512	3528	3629	3513	3584	3293	3061	3209	3060	3126	3205	3173	3233	3305	3359	3604	3628	3789	3788	3459	3466	3105	3292	3345	3919	3488	3489	3946	4097	4302	4270	4304	4303	3386	3329	3330	3549	3854	3868	3387	3829	4027	4057	4278	4279	3407	3406	3490	3094	3115	3128	3163	3265	3898	3264	3343	3417	3751	3853	3873	3852	3501	3640	3659	3548	3508	3600	3599	3525	3981	4170	4169	4440	4773	4584	4439	4774	4168	3980	4053	4079	4078	4077	4025	4054	4301	4333	4300	4297	4026	4024	4023	4022	3979	3625	3828	3962	4138	4239	4409	4606	4605	4408	4238	4137	4299	4298	4410	4739	4080	3959	3961	3960	3307	3191	3192	3384	3540	3918	4055	4356	4056	3983	3982	4136	4277	4135	4220	4219	3652	3461	3382	3385	3276	3138	3116	3248	3117	3043	3084	3250	3118	3139	3095	3062	3194	3042	3104	3150	3149	3051	3059	3114	3058	3083	3073	3113	3190	3275	3328	3383	3447	3423	3372	3420	3465	3571	3519	3583	3448	3371	3370	3242	3272	3246	3344	3430	3506	3917	3279	3247	3361	3429	3241	3112	3166	3101	3111	3180	3189	3262	3203	3263	3165	3204	3245	3027	3182	3183	3211	3093	3053	3037	3063	3097	3001	3085	3123	3002	2979	3152	3067	2629	2631	2659	2327	1609	1627	2043	1638	1633	1625	1735	1736	1748	1795	1833	1842	1872	1860	1850	1861	1928	1957	2011	1966	2000	2004	2003	2014	2112	2113	2013	2012	1929	1839	1851	1843	1873	1844	1837	1747	1760	1800	1832	1858	1978	2056	2448	2606	2485	2478	2695	2526	2599	2852	2906	2096	2258	2290	2575	2664	2633	2704	2885	2941	2958	3077	3396	3187	3229	2978	3054	3188	3170	3342	3480	2892	2956	2975	3125	3257	3162	3048	3050	2957	3091	2988	3103	2703	2709	2840	2974	3134	3178	3137	3186	2955	3230	2863	3049	2668	2621	2775	2872	2824	3022	2826	3009	3047	2077	1738	1801	1813	1829	1852	2017	2141	2335	2291	2315	2325	2330	2337	2371	2395	2389	2554	2622	2566	2383	2326	2155	1847	1882	1808	1835	1810	1814	1815	1826	1853	1920	2036	2078	2098	2103	2121	2107	2106	2114	2108	2142	2384	2512	2692	2849	3040	3056	3379	3425	3224	3135	3171	3055	3023	3031	2888	3100	2967	2385	2168	2183	2122	2101	2197	2198	2102	1822	1881	1816	1809	1841	1891	1921	1902	1898	1932	1946	1962	2007	1968	2005	2037	2067	2084	2087	2051	2086	2173	2292	2243	2109	2272	2329	2355	2365	2431	2481	2540	2567	2500	2555	2647	2748	2839	3400	2749	2873	3147	3207	3080	3481	3325	3380	3268	3313	3520	3427	3426	3545	3446	3415	3267	3160	2933	2942	2825	2850	2811	2834	2864	2784	2686	2689	2719	2783	3019	2776	2838	2853	2920	3006	3102	3172	3238	3302	3108	2960	2731	2509	2018	1953	1982	1991	1974	1983	1995	2008	2032	2060	2061	2079	2063	2068	2088	2131	2169	2360	2386	2419	2411	2420	2463	2482	2488	2486	2556	2600	2625	2737	2785	2814	2803	2640	2665	2750	2623	2693	2696	2596	2587	2576	2568	2465	2528	2532	2464	2454	2501	2396	2432	2493	2504	2634	2648	2671	2786	3007	3078	3454	3277	3398	3499	3366	3397	3072	3273	3482	3032	3289	3537	3416	3286	3285	2787	2804	2733	2503	2502	2524	2507	2439	2302	2074	2072	2104	2119	2125	2345	2366	2421	2472	2466	2476	2387	2356	2367	2388	2422	2455	2588	2649	2720	2788	2805	2774	2851	2397	2433	2489	2494	2440	2170	2314	2320	2357	2399	2402	2412	2477	2452	2449	2423	2220	2310	2358	2368	2413	2424	2273	2369	2516	2617	2650	2708	2752	2908	3082	3164	3381	3428	3486	3516	3269	3402	3565	3244	3483	3542	3157	3109	3225	3303	3507	3538	3441	3440	3460	3566	3439	3271	3288	3337	3421	3418	3419	3270	3217	3287	3020	3158	3021	3517	2929	3258	3314	3315	3317	3455	3319	3318	3316	2976	2989	2681	2753	2754	2762	2626	2680	2766	2898	3179	3356	2907	2899	2694	2721	2741	2751	2789	2655	2654	2541	2577	2635	2682	2738	2672	2713	2806	2669	2770	2773	2793	2812	2687	2874	2875	3070	3110	2771	2794	2930	2705	2559	2594	2732	2831	3231	2991	3008	3326	3367	3227	3324	3226	3239	3484	2755	2832	2589	2630	2601	2558	2610	2398	2483	2505	2656	2517	2560	2525	2468	2441	2467	2403	2547	2642	2641	2795	2813	2921	2651	2590	2627	2683	2706	2714	2739	2657	2578	2616	2673	2756	3132	3500	3259	3322	3304	3457	3320	3456	3145	3504	3131	2833	2959	2854	3127	2909	3161	3159	3443	3445	3444	3463	3442	3523	2602	2643	2658	2876	3228	3357	3358	2506	2595	2276	2303	2351	2124	2071	2069	2080	2042	2022	2030	1992	2023	1963	1939	1817	1845	1862	1863	1874	1905	1938	1959	1951	1967	1864	1825	1827	1890	2009	2094	2095	2082	2083	1958	1836	1840	1819	1846	1875	1901	1910	1906	1918	1912	1922	1930	1973	1990	1960	1952	1855	1878	1866	1883	1893	1913	1944	1931	1945	1961	1907	1857	1867	1880	1856	1884	1896	1908	1975	1924	1970	1984	2038	2052	2058	1993	1892	1911	1936	1914	1933	1935	1934	1964	1969	1977	1954	1923	1919	1879	1895	1899	1869	1868	1848	1865	1854	1818	1870	1903	1947	1994	2031	2044	2046	2062	1987	2006	2015	1785	1834	1617	1620	1614	1432	1357	1412	1431	1381	1386	1380	1474	1498	1798	1477	1372	1354	1310	1352	1172	1196	1237	1313	1309	1340	1213	1212	1259	1279	1272	1316	1285	1323	1334	1347	1366	1379	1351	1325	1268	1170	1138	1181	1245	1091	1030	1090	1158	1200	1239	1257	1287	1271	1311	1332	1314	1318	1295	1247	1317	1384	1424	1430	1429	1335	1346	1418	1446	1455	1469	1468	1473	1497	1528	1616	1517	1545	1529	1396	1441	1496	1488	1512	1543	1557	1579	1590	1665	1649	1619	1632	1613	1690	1701	1592	1600	1622	1593	1561	1549	1577	1606	1643	1678	1709	1726	1723	2271	2523	2553	2605	2552	2565	2573	2569	2579	2382	1711	1644	1674	1683	1722	1648	1663	1673	1693	1689	1661	1624	1664	1677	1696	1725	1758	1770	1807	1734	1732	1724	1704	1757	1746	1745	1769	1838	1794	1793	1806	1812	1821	1831	1886	1889	1888	1897	1972	1927	1950	1955	1956	1988	1971	2002	1986	1998	2024	2029	2057	2093	2111	2139	2182	2105	2097	2118	2256	2334	2456	2350	2551	2653	2522	2425	2491	2442	2598	2332	2331	2299	2317	2066	2073	2065	2035	2070	2140	2346	2257	2010	1999	2021	1997	2019	2041	2055	2138	2312	2349	2364	2323	2324	2342	2373	2354	2515	2527	2545	2663	2736	2685	2730	2434	2498	2572	2593	2604	2372	2480	2289	2137	2277	2045	2050	2048	2040	2034	2047	2054	2221	2457	2609	2521	2081	2089	2117	2363	2534	2591	2679	2471	2624	2701	2450	2697	2136	2092	2308	2447	2615	2744	2667	2712	2418	2115	2544	2154	2883	2938	2341	2470	2410	2451	2652	2926	2927	2769	2492	2717	2765	2862	2823	2815	2274	2307	2564	2905	2711	2443	2894	2479	2893	2952	2782	2944	2543	2781	2614	2090	2085	2181	2255	2319	2288	2287	2076	2059	2039	1744	1652	1653	1654	1676	1598	1591	1607	1647	1599	1583	1588	1575	1628	1703	1718	1733	1713	1719	1753	1763	1774	1775	1776	1755	1791	1820	1792	1743	1640	1662	1611	1642	1695	1694	1720	1670	1684	1669	1660	1659	1651	1671	1612	1596	1629	1650	1739	1756	1668	1641	1586	1605	1621	1604	1631	1630	1570	1615	1805	1507	1503	1532	1544	1550	1556	1569	1581	1580	1602	1574	1566	1576	1582	1562	1571	1573	1572	1501	1578	1742	1773	1887	1940	1941	1948	1996	2049	2027	2091	2025	2001	1915	1980	1979	1900	1790	1784	1824	1877	1917	1965	1949	1916	1943	1981	1894	1937	1859	1904	1909	1976	1985	1926	1942	1925	1989	2026	2028	1560	1539	1741	1804	2100	2304	2270	2392	2393	2429	2518	2691	2951	2792	2822	2971	2416	2428	1876	1885	1828	1871	1783	2064	1830	1772	2016	2375	2484	2531	2415	2438	2120	2405	2550	2932	2937	2462	2328	2490	2585	2729	2780	2860	2923	2915	2562	2586	2722	2965	2520	2353	2370	2557	2677	2716	2768	2891	2904	2715	2897	2950	2896	2514	2533	2099	2297	2400	2110	2316	2298	2394	2662	2882	2878	2563	2678	2699	2861	2700	2343	2344	2900	2916	2123	2417	2469	2535	2670	1799	2340	2414	2497	2530	2584	2660	2618	2620	2529	2496	2495	2511	2638	2637	2735	2475	2613	2474	2537	2608	2666	2728	2727	2914	2913	2949	2947	2912	2984	3025	2859	2948	2870	2871	2999	2688	2809	2837	2903	2542	2391	2538	2539	2684	2802	2830	2801	2603	2661	2116	2171	2172	2135	2134	2133	2161	2167	2166	2195	2196	2165	2164	2338	2163	2162	2160	2580	2159	2158	2156	2157	2132	2130	2261	2510	2151	2153	2152	2321	2148	2250	2249	2247	2293	2245	2150	2229	2230	2224	2226	2225	2222	2632	2275	2223	2548	2726	2869	2983	3024	2890	2998	2997	2996	3013	3014	2936	3016	3015	2828	2607	2645	2149	2147	2215	2219	2269	2286	2311	2318	2285	2361	2536	2570	2339	2362	2646	2676	2800	2902	2963	2459	2458	2374	2359	2390	2549	2583	2636	2821	2895	2473	2582	2619	2779	2829	2964	2791	2858	2881	2880	2925	2268	2267	2266	2265	2282	2333	2406	2407	2487	2592	2284	2283	2281	2280	2278	2513	2279	2306	2264	2263	2300	2301	2218	2217	2216	2294	2296	2347	2404	2436	2295	2214	2212	2254	2253	2352	2597	2581	2213	2146	2211	2206	2305	2519	2674	2698	2743	2725	2764	2868	2968	2934	2856	2710	2724	2778	2995	2847	2980	2835	2767	2848	2723	2742	2841	2946	2981	2982	2777	2827	2817	3034	3033	2816	3011	2818	2924	2758	2845	2922	2977	2867	2943	2969	2911	2931	2910	2887	2935	2970	2962	2994	2877	3012	2866	2843	2842	2757	2740	2844	2901	2734	2798	2760	2819	2855	2790	2808	2846	2807	2836	2675	2799	2797	2857	2820	2244	2205	2233	2259	2232	2231	2204	2201	2200	2199	2251	2252	2144	2145	2143	2192	2246	2194	2193	2234	2235	2191	2190	2187	2260	2189	2188	2228	2508	2227	2186	2185	2184	2208	2126	2129	2128	2203	2202	2178	2180	2179	2236	2262	2241	2242	2240	2239	2238	2237	2177	2127	2176	2175	2210	2209	2174	2248	2207	1849	2020	2309	2376	2611	2336	2435	2381	2380	2377	2409	2430	2446	2571	2408	2322	2445	2460	2461	2444	2427	2426	2379	2378	2437	2561	2453	2348	2033	2075	2401	2053	1811	1312	1297	1327	1345	1365	1364	1363	1378	1371	1385	1397	1410	1425	1482	1447	1411	1419	1398	1342	1197	1224	1162	1184	1216	1250	1258	1266	1280	1261	1278	1210	1183	1175	1137	1031	816	878	951	1001	1051	960	1118	1177	1185	1240	1202	1288	1306	1319	1337	1336	1328	1298	1164	905	931	1017	1093	1078	932	981	1033	1061	1186	1203	964	952	1018	1086	1116	1088	1094	700	804	833	903	877	553	589	576	607	756	879	933	1002	982	851	757	573	546	562	559	626	775	865	965	1110	1217	1274	1117	852	880	1019	1112	1252	1263	1262	1255	1111	1151	1246	1282	1307	1231	1270	1124	1152	813	837	881	836	701	735	565	593	636	555	554	534	529	526	401	438	444	508	470	445	452	466	465	491	480	535	544	600	547	577	563	617	570	637	638	649	667	722	838	820	966	983	1095	1125	1204	1232	1248	1003	967	1187	1236	1205	984	1062	1011	1063	1153	1178	1188	1199	1233	1254	1283	1303	1320	1329	1275	1321	1223	1168	1113	1034	736	702	566	594	601	602	556	474	492	499	501	500	522	493	509	502	536	510	560	613	668	679	680	758	774	595	517	511	451	290	247	238	325	473	268	131	221	248	119	118	117	115	113	161	146	142	176	166	182	177	208	207	239	278	267	289	296	309	307	298	314	337	361	387	367	396	388	353	370	385	411	425	453	461	481	494	454	475	482	490	497	524	603	723	805	791	906	934	859	760	759	608	619	618	655	604	523	504	512	518	530	629	639	661	656	724	748	792	681	707	776	907	793	737	665	640	669	670	725	689	682	691	956	738	853	708	806	839	690	683	710	703	744	807	709	692	770	1102	1483	1524	1555	1587	1484	1534	1705	1558	567	548	578	579	587	580	489	503	488	483	496	495	455	472	424	432	442	446	439	429	397	402	415	426	414	413	427	433	428	440	430	434	443	435	456	467	484	459	476	477	478	498	537	543	540	487	519	513	531	541	549	505	525	527	528	571	596	630	645	657	662	605	610	635	718	660	615	621	726	620	641	653	614	671	817	908	1050	1149	1189	1276	1291	1420	1547	1706	1717	1322	1267	1206	1290	1360	1182	1241	1727	1731	1289	1331	1422	1686	1373	1568	1428	1448	1449	1330	1367	854	631	658	685	684	732	850	885	968	985	1179	1284	1433	1714	1716	882	1103	969	857	910	999	1156	1234	1374	1304	1426	1551	1634	1618	1531	1559	1434	1489	1056	1145	1341	909	935	899	1114	1132	1265	1460	1120	1123	1133	1161	822	721	1010	1264	1301	1404	729	749	728	798	794	808	727	821	739	673	672	711	777	830	866	874	1052	1126	1064	1150	867	663	677	632	642	646	650	643	633	752	828	730	840	686	745	1020	704	740	826	892	1082	1083	761	733	812	861	818	925	846	841	787	872	797	746	712	719	762	659	796	891	948	997	1087	1096	986	937	936	1042	1080	1122	1143	1140	1043	1106	1160	1195	1211	1226	1315	1442	1707	1540	1672	1238	1324	1368	1214	1302	1230	1277	1343	1198	1228	1296	1339	1472	1552	1656	1655	1697	1721	1751	1802	1553	1225	1294	1222	1207	1134	1121	1166	1157	815	785	769	753	847	688	801	945	973	1107	1135	1260	1375	1377	1435	1546	1680	1679	1749	1750	1786	1597	1675	1658	1657	1502	1504	1144	1308	1292	1485	1169	1057	1136	1229	1089	1098	1067	1035	1127	1097	1055	1109	1171	1085	1068	1084	1131	1406	1486	1646	1715	1754	1752	1780	1781	1427	1436	1445	1192	1344	1392	1475	1636	1737	1765	1764	1759	1698	1699	1700	1635	1155	1174	1390	1470	1692	1389	1387	1463	1462	1457	1459	1458	1768	1456	1766	1787	1788	1515	1584	1761	1762	1782	1797	1567	1193	1369	1453	1383	1256	1220	1244	1221	1227	1414	1438	1437	1416	1249	1333	1359	1407	1499	1495	1376	1253	1399	1356	1400	1402	1465	1480	1479	1487	1478	1401	1476	1444	1443	1194	1393	1421	1154	1219	1293	1464	1667	1491	1728	1779	1796	1778	1777	1492	1494	1525	1626	1493	1565	1645	1564	1563	1521	1520	1519	1518	1536	1535	1729	1730	1554	1691	1712	1708	1710	1771	1803	1417	1490	1514	1767	1513	1608	1685	1702	1637	1682	1681	1509	1218	1209	1243	1130	1101	1099	1115	1358	1405	1100	1148	1355	1208	1167	1338	1452	1526	1350	1142	1069	1119	1128	1242	1141	1129	1173	1191	1190	1235	1054	1070	955	1016	1015	1065	1108	1165	1048	1046	1104	1045	1075	1081	1077	1079	1044	1074	1012	976	1041	1066	1029	975	1053	970	962	958	998	1049	1058	1047	1009	1026	1024	1014	875	990	995	991	693	773	784	827	863	959	980	979	978	1000	989	988	987	977	845	927	944	974	954	860	913	949	1025	920	947	946	917	926	943	842	803	856	898	912	894	915	914	950	858	825	802	800	819	868	893	799	849	873	901	848	829	783	814	871	887	923	918	890	900	916	929	921	886	888	924	895	922	928	957	996	919	992	1021	938	1004	1005	1037	1060	1036	1027	1022	971	961	844	843	862	884	883	788	782	823	795	786	810	809	780	779	778	772	771	763	609	586	575	515	533	485	486	417	412	324	320	336	357	354	366	322	318	315	321	348	323	327	339	346	360	319	317	335	330	328	334	340	347	349	343	344	351	358	342	332	338	359	374	376	391	418	420	431	421	390	382	377	378	383	403	405	406	422	384	393	392	404	398	395	399	407	419	423	449	447	463	400	408	394	409	436	450	462	468	479	457	448	469	506	471	416	371	380	389	381	316	284	272	302	308	345	352	372	373	350	355	310	333	270	264	252	281	291	297	299	306	303	311	282	263	262	254	257	256	260	259	274	280	288	285	276	287	331	294	283	292	305	313	312	304	301	300	275	258	273	265	205	202	233	251	269	271	286	250	212	226	244	197	224	231	242	235	255	189	186	204	230	232	227	234	240	246	249	215	203	219	210	194	200	241	243	199	220	217	206	165	133	223	441	507	569	585	584	550	652	720	766	902	942	1023	941	940	939	1105	716	717	993	994	611	591	743	767	768	1008	1006	1007	1039	1040	1072	1076	1073	1038	1071	616	742	870	869	855	698	750	568	597	625	532	539	558	612	627	648	676	574	598	557	634	647	624	666	765	705	811	751	664	697	764	896	897	953	972	1013	696	687	824	699	713	715	911	714	781	678	675	741	674	695	694	583	651	606	561	538	542	572	458	364	514	581	590	622	582	623	545	599	112	126	135	145	158	190	149	148	185	147	179	196	195	201	134	124	175	187	171	168	180	181	132	120	164	163	178	211	222	174	162	172	111	109	106	104	102	108	123	144	160	155	157	159	156	154	121	129	127	125	107	114	130	136	141	139	59	65	98	89	57	68	56	55	54	53	52	51	49	3	14	46	25	43	41	40	50	63	71	85	100	62	74	95	78	73	92	99	122	150	184	213	209	214	140	167	170	198	188	193	192	151	152	153	110	128	169	173	183	105	116	39	12	20	36	45	42	70	97	91	143	137	228	79	138	236	356	368	754	790	789	1147	1251	1326	1408	1439	1506	1454	1440	1281	1403	1450	1548	1481	1505	1542	1541	1603	1516	1467	1466	1423	1500	1537	1527	1688	1595	1666	1740	1215	1176	1589	464	551	889	831	1269	1361	1585	1391	1286	1395	1394	1523	1522	1451	1471	1510	1409	1273	1538	1687	1461	1362	1610	1370	1639	1415	1508	1511	864	588	747	1059	1146	1623	876	1028	930	1299	516	191	87	35	58	16	11	32	31	30	29	28	27	26	8	24	13	22	21	9	19	18	17	2	1	0	
Dist: 2851801.394375200666673
Execution time: 277(ms)
TSP algorithm time: 272(ms)
	Command being timed: "./min_weight_loop_w_insertion ./dataset/kz9976.tsp"
	User time (seconds): 0.27
	System time (seconds): 0.00
	Percent of CPU this job got: 99%
	Elapsed (wall clock) time (h:mm:ss or m:ss): 0:00.27
	Average shared text size (kbytes): 0
	Average unshared data size (kbytes): 0
	Average stack size (kbytes): 0
	Average total size (kbytes): 0
	Maximum resident set size (kbytes): 4536
	Average resident set size (kbytes): 0
	Major (requiring I/O) page faults: 0
	Minor (reclaiming a frame) page faults: 515
	Voluntary context switches: 1
	Involuntary context switches: 0
	Swaps: 0
	File system inputs: 0
	File system outputs: 104
	Socket messages sent: 0
	Socket messages received: 0
	Signals delivered: 0
	Page size (bytes): 4096
	Exit status: 0
