NAME : kz9976
COMMENT : 9976 locations in Kazakhstan
COMMENT : Derived from National Imagery and Mapping Agency data
TYPE : TSP
DIMENSION : 9976
EDGE_WEIGHT_TYPE : EUC_2D
NODE_COORD_SECTION
0	
0	

Path: 
1	2	3	4	5	6	7	8	11	16	20	24	30	34	35	38	39	42	44	45	48	50	52	49	51	53	54	55	56	57	58	60	62	66	69	59	63	64	72	74	75	79	86	90	101	141	151	152	153	154	168	170	171	174	184	185	189	193	194	199	210	214	215	230	248	254	262	278	291	294	296	327	330	342	364	366	370	376	380	387	402	411	438	461	326	474	655	701	732	756	805	833	834	878	904	964	1031	1032	1033	1091	1092	1138	1159	1163	1176	1184	1185	1198	1201	1211	1225	1217	1240	1251	1258	1259	1262	1272	1279	1288	1296	1312	1315	1319	1328	1333	1343	1346	1348	1366	1367	1380	1248	1267	1281	1298	1313	1318	1336	1364	1365	1372	1379	1385	1386	1398	1399	1411	1412	1420	1425	1426	1431	1448	1483	1347	1397	1419	1430	1442	1447	1456	1469	1470	1474	1498	1518	1529	1530	1546	1551	1557	1563	1567	1570	1572	1573	1574	1575	1577	1581	1582	1583	1603	1617	1591	1593	1594	1601	1614	1623	1691	1702	1600	1620	1633	1648	1650	1664	1666	1674	1690	1694	1645	1649	1662	1675	1684	1710	1712	1723	1724	1727	1599	1606	1607	1622	1625	1644	1653	1654	1655	1677	1679	1550	1578	1584	1589	1592	1608	1513	1544	1558	1562	1580	1489	1497	1504	1508	1533	1545	1665	1678	1697	1705	1725	1726	1733	1735	1747	1758	1759	1771	1808	1721	1745	1746	1757	1770	1794	1795	1839	1704	1714	1719	1720	1734	1744	1754	1756	1764	1775	1776	1777	1792	1793	1807	1813	1821	1822	1832	1887	1889	1890	1898	1973	1806	1928	1951	1956	1957	1989	1918	1938	1950	1966	1972	1999	2000	2003	2011	2022	2020	2025	2030	2036	2041	2042	2046	2049	2051	2058	2066	2067	2071	2074	2094	2098	2106	2112	2119	2139	2140	2183	2257	2290	2300	2318	2325	2332	2335	2351	2374	2426	2457	2492	2523	2528	2552	2278	2313	2324	2343	2350	2355	2365	2373	2435	2481	2516	2654	2885	3005	3031	3088	3089	3099	3137	3145	3155	3215	3216	3267	3435	2880	2918	2940	2954	2987	3006	3011	3285	3302	3355	3396	3475	3532	3542	3687	3650	3715	3725	3774	3775	3807	3820	3864	3907	3931	3946	3950	3951	3969	4053	4124	4125	4180	4199	4372	4581	4784	4785	4786	4818	4951	5161	5282	5372	5752	5787	5955	5999	6221	6291	6303	6322	6372	6480	6195	6926	6714	6891	7097	7098	7114	7152	7292	7318	7709	7745	7755	7815	7889	7893	7908	7913	7934	7948	7987	8019	8053	8107	8121	8168	8191	8217	8243	8254	8317	8396	8431	8432	8476	8494	8548	8549	8553	8554	8568	8618	8641	8654	8806	8849	8866	8910	8911	8927	8937	8938	8986	8999	9000	9042	9054	9090	9144	8968	9012	9069	9096	9100	9143	9162	9165	9218	9232	9261	9287	9296	9338	9344	9363	9425	9452	9170	9187	9198	9226	9321	9399	9474	9477	9482	9485	9200	9233	9270	9297	9322	9345	9371	9405	9431	9475	9479	9496	9501	9534	9535	9536	9557	9589	9085	9089	9122	9126	9130	9131	9153	9219	9234	9241	9253	9298	9332	9346	9390	9402	9437	9464	9483	9518	9527	9614	9208	9209	9235	9256	9331	9334	9347	9391	9442	9450	9480	9502	9537	9543	9551	9552	9565	9592	9598	9608	9612	9655	9350	9412	9418	9453	9463	9468	9486	9511	9519	9555	9561	9563	9566	9585	9607	9609	9617	9619	9636	9649	9650	9654	9663	9681	9682	9685	9696	9709	9710	9716	9717	9727	9745	9756	9466	9493	9495	9505	9526	9538	9556	9568	9577	9587	9588	9618	9620	9622	9632	9638	9647	9665	9669	9690	9691	9692	9697	9702	9712	9724	9729	9731	9732	9735	9736	9747	9755	9758	9771	9781	9795	9549	9558	9569	9570	9578	9586	9610	9611	9625	9628	9633	9643	9658	9673	9674	9677	9680	9684	9719	9720	9722	9730	9742	9749	9760	9761	9762	9764	9770	9773	9782	9788	9800	9801	9811	9815	9819	9824	9836	9662	9688	9701	9705	9721	9726	9734	9738	9740	9763	9766	9768	9784	9785	9789	9799	9808	9812	9813	9821	9825	9826	9827	9830	9855	9861	9867	9872	9880	9882	9886	9891	9898	9901	9921	9924	9933	9941	9947	9949	9737	9754	9772	9775	9780	9787	9790	9793	9794	9802	9805	9816	9817	9820	9828	9833	9834	9837	9838	9839	9843	9845	9851	9852	9854	9859	9860	9865	9871	9876	9884	9885	9887	9893	9895	9897	9903	9909	9910	9911	9914	9923	9925	9928	9930	9931	9937	9938	9944	9946	9948	9950	9953	9956	9957	9958	9959	9960	9961	9963	9964	9965	9968	9969	9970	9971	9972	9973	9974	9975	9976	9514	9515	9521	9560	9574	9579	9583	9584	9594	9606	9613	9623	9624	9639	9642	9645	9646	9652	9656	9657	9666	9670	9671	9672	9683	9686	9693	9698	9700	9703	9706	9715	9741	9744	9746	9748	9769	9774	8988	8997	9028	9032	9049	9067	9091	9118	9132	9148	9152	9171	9172	9188	9204	9205	9238	9266	9271	9272	9274	9285	9286	9305	9328	9330	9333	9368	9382	9386	9393	9398	9443	9449	9456	9458	9461	9472	9484	8915	8916	8924	8940	8992	8995	8996	9020	9038	9039	9045	9060	9074	9095	9116	9128	9137	9151	9159	9193	9215	9224	9269	9273	9293	9314	9329	9337	9380	9384	9441	9176	9189	9202	9206	9225	9275	9277	9281	9282	9291	9311	9335	9339	9373	9379	9383	9388	9394	9413	9427	9432	9433	9446	9462	9471	9473	9488	9497	9498	9508	9512	9516	9523	9524	9533	9546	9559	9575	9576	9596	9616	9637	9640	9651	9661	9676	9689	9699	9704	9708	9711	9713	9718	9723	9728	9750	9751	9752	9757	9776	9786	9797	9804	9814	9818	9822	9823	9835	9841	9842	9844	9846	9847	9857	9858	9862	9863	9866	9869	9875	9881	9883	9889	9892	9899	9900	9904	9907	9912	9913	9922	9927	9934	9939	9945	9951	9954	9967	9743	9759	9765	9777	9779	9791	9792	9796	9807	9809	9810	9829	9831	9832	9840	9848	9849	9850	9853	9856	9864	9868	9870	9873	9874	9877	9878	9879	9888	9890	9894	9896	9902	9905	9906	9908	9915	9916	9917	9918	9919	9920	9926	9929	9932	9935	9936	9940	9942	9943	9952	9955	9962	9966	9481	9509	9532	9548	9550	9562	9581	9582	9595	9603	9631	9634	9635	9641	9653	9659	9660	9664	9667	9668	9679	9687	9694	9695	9707	9714	9725	9733	9739	9753	9767	9778	9783	9798	9803	9806	8904	8951	8982	8987	9046	9064	9115	9133	9141	9221	9230	9292	9351	9365	9411	9428	9430	9459	9016	9078	9106	9125	9145	9156	9157	9199	9211	9258	9317	9372	9401	9417	9422	9487	9491	9520	9530	9531	9539	9540	9541	9553	9105	9119	9182	9184	9212	9244	9283	9323	9360	9400	9406	9421	9426	9438	9454	9467	9500	9504	9517	9554	9590	9599	9600	9601	9627	8537	8558	8569	8593	8692	8699	8812	8822	8917	9006	9068	8230	8276	8366	8387	8680	8733	8780	8921	8435	8440	8475	8492	8521	8612	8613	8657	8668	8767	8791	8811	8862	8532	8540	8542	8563	8588	8611	8643	8661	8760	8800	8810	8913	8957	8963	8966	8978	8981	8990	8993	9024	9047	9062	9076	9081	9093	9094	9097	9136	9138	9140	9161	9183	9223	9243	9255	9267	9278	9290	9359	9361	9367	9375	9378	9395	9404	9416	9465	9513	8417	8429	8468	8565	8585	8607	8621	8630	8676	8721	8768	8826	8846	8401	8448	8453	8479	8495	8501	8527	8580	8586	8619	8633	8649	8682	8706	8775	8805	8817	8820	8869	8875	8906	8599	8625	8634	8675	8687	8696	8700	8726	8739	8754	8757	8782	8784	8794	8813	8819	8830	8833	8836	8841	8857	8873	8876	8890	8895	8920	8941	8974	9015	8274	8304	8305	8306	8348	8353	8359	8361	8377	8458	8502	8504	8513	8556	8571	8616	8617	8169	8209	8210	8234	8247	8258	8294	8331	8338	8344	8347	8356	8360	8369	8424	8441	8462	8474	8477	8546	8552	8566	8601	8640	8662	8729	8663	8691	8714	8723	8725	8738	8742	8786	8797	8818	8823	8832	8837	8844	8858	8859	8870	8871	8880	8897	8914	8944	8946	8954	8965	8970	8975	9010	9011	9025	9040	9051	9077	9114	9139	9210	9214	9228	9280	9302	9303	9308	9319	9320	9327	9356	9403	9410	9420	9444	9445	9451	9460	9490	9492	9503	9510	9522	9525	9529	9544	9545	9547	9564	9567	9571	9573	9580	9593	9597	9602	9605	9621	9626	9630	9644	9648	9675	9678	9044	9087	9098	9127	9167	9192	9197	9213	9245	9263	9268	9284	9288	9309	9336	9343	9353	9364	9366	9387	9392	9396	9409	9419	9423	9447	9457	9494	9499	9506	9507	8929	8934	8947	8979	8989	9009	9014	9019	9034	9041	9055	9107	9111	9112	9113	9124	9135	9163	9175	9279	9312	9325	9370	9374	9440	8962	9079	9082	9104	9109	9120	9150	9178	9185	9195	9196	9201	9216	9239	9242	9248	9249	9299	9300	9326	9340	9352	9362	9415	9434	9469	9478	8573	8620	8636	8648	8677	8710	8728	8730	8740	8741	8745	8749	8762	8765	8779	8781	8799	8801	8804	8814	8854	8878	8888	8909	8960	8961	8969	9035	9050	8219	8246	8278	8302	8358	8365	8367	8375	8381	8398	8402	8415	8430	8551	8125	8204	8208	8229	8244	8271	8336	8349	8395	8422	8426	8455	8483	8485	8505	8525	8591	8592	8622	8503	8523	8584	8595	8603	8652	8664	8678	8679	8690	8702	8703	8736	8751	8752	8756	8769	8796	8803	8816	8827	8843	8889	8908	8936	8955	8221	8231	8250	8273	8299	8337	8350	8379	8404	8439	8442	8444	8499	8529	8547	8590	8624	8637	7982	8015	8026	8057	8058	8087	8101	8124	8126	8166	8205	8216	8220	8242	8266	8270	8307	8357	8363	8391	8443	8446	7791	7825	7844	7871	7895	7923	7950	7968	7984	7988	8007	8034	8035	8059	8073	8111	8112	8122	7834	7835	7853	7865	7896	7924	7961	7971	7972	7973	8016	8036	8069	8128	8143	8144	8170	7946	7951	7974	7989	8027	8028	8052	8077	8113	8145	8146	8156	8171	8200	8211	8235	8000	8008	8037	8050	8070	8129	8147	8172	8185	8212	8236	8248	8259	8275	8279	8327	8328	8346	8376	7990	7991	8009	8020	8078	8079	8148	8186	8222	8149	8157	8201	8213	8256	8260	8280	8281	8315	8329	8339	8370	8371	8385	8405	8406	8407	8084	8089	8114	8115	8130	8158	8187	8215	8223	8224	8282	8322	8340	8386	7818	7886	7925	7936	7975	7983	8010	8011	8038	7788	7875	7876	7903	7671	7701	7734	7756	7802	7846	7714	7768	7826	7856	7874	7910	7922	7952	7953	7674	7713	7729	7758	7804	7587	7594	7632	7680	7686	7795	7660	7728	7747	7794	7836	7845	7872	7873	7921	7267	7353	7406	7423	7460	7467	7468	7491	7507	7518	7579	7593	7610	7622	7630	7636	7652	7249	7282	7314	7366	7370	7416	7424	7478	7392	7499	7533	7571	7599	7651	7342	7400	7490	7524	7539	7583	7617	7629	7474	7497	7527	7534	7592	7627	7685	7363	7379	7519	7520	7526	7548	7572	7616	7672	7699	7741	7749	7796	7809	7810	7819	7857	7897	7911	8001	8047	7581	7600	7601	7613	7683	7691	7705	7731	7776	7786	7866	7544	7563	7564	7582	7584	7595	7715	7716	7727	7837	7877	7916	7937	7954	8039	8042	8116	8123	8135	8159	8160	8161	8245	8251	8277	8382	8394	8408	8300	8384	8409	8423	8465	8491	8493	8528	8596	8669	8926	8686	8821	8884	8925	8928	8939	8973	9013	9036	9063	9017	9022	9037	9166	9179	9247	9260	9262	9264	9301	9316	9348	9349	9354	9355	9376	9381	9397	9407	9408	8319	8341	8351	8352	8380	8388	8421	8445	8466	8467	8559	8570	8576	8651	8670	8709	8283	8296	8321	8332	8362	8372	8478	8543	8555	8564	8635	8671	8681	8688	8689	8750	8831	8855	8891	8892	8907	8953	8971	8991	9030	9059	8834	8874	8972	8977	9004	9021	9026	9061	9066	9099	9103	9110	9117	9147	9149	9168	9181	9190	9203	9276	9108	9158	9191	9217	9240	9246	9250	9257	9304	9306	9324	9358	9369	9429	9439	9448	9455	9476	8994	9023	9072	9088	9146	9177	9222	9227	9357	9377	9265	9289	9385	9414	9489	9528	9542	9572	9591	9604	9615	9629	8785	8845	8872	8896	8933	9005	9033	9058	9160	9173	9194	8695	8711	8764	8774	8795	8838	8839	8840	8860	8877	8879	8887	8893	8900	8932	8958	8451	8482	8500	8508	8526	8533	8538	8550	8560	8581	8583	8602	8606	8645	8597	8604	8608	8638	8647	8650	8653	8659	8684	8694	8716	8770	8815	8828	8842	8861	8902	8967	8707	8737	8746	8753	8755	8766	8772	8792	8798	8856	8885	8899	8918	8945	8948	8950	8959	9029	9048	8330	8334	8364	8400	8459	8486	8399	8416	8514	8605	8672	8683	8773	7939	8030	8044	8162	8173	8284	7838	7976	7993	8174	7603	7740	7807	7859	7938	7082	7172	7275	7307	7401	7417	7455	7556	6521	6694	6810	6837	6857	6976	7132	5794	6048	6375	6412	6417	6513	5795	5857	5858	5981	6211	6376	6377	6378	6519	6678	6695	6743	6787	6947	6971	6978	6993	7046	7105	7317	7340	7349	7522	7566	7604	7642	7643	7648	7693	7720	7828	7735	7769	7820	7839	7848	7860	7887	7927	7962	8002	8021	8082	8131	8175	8203	8206	8261	8285	8293	8301	8312	8316	8320	8355	8378	8383	8403	8450	8463	8524	8615	8176	8237	8252	8262	8323	8452	8484	8510	8522	8389	8393	8511	8535	8544	8577	8644	8646	8658	8665	8708	8722	8931	8983	8998	9031	9073	9092	8697	8734	8747	8761	8824	8901	8943	8506	8578	8614	8673	8674	8497	8498	8545	8589	8631	8632	8214	8253	8325	8343	8390	8412	8436	8437	8438	8080	8090	8091	8104	8105	8151	8179	8188	8189	8225	8287	8288	8326	8413	7980	7995	8024	8065	8081	8106	7863	7912	7919	7929	7965	7979	8023	8048	8049	7708	7766	7778	7781	7821	7850	7851	7880	7725	7744	7752	7831	7840	7569	7570	7624	7645	7681	7695	7724	7290	7343	7403	7404	7470	7471	7505	7547	7586	7386	7440	7553	7573	7590	7625	7626	7646	7663	7667	7682	7696	7767	7026	7161	7210	7230	7235	7262	7285	7310	7311	7329	7344	7422	6950	7025	7084	7118	7140	7175	7191	7213	7229	6679	6697	6721	6789	6824	6839	6858	6859	6882	6906	6925	6949	6972	7023	7083	7160	7190	7277	7352	7365	7384	7385	7402	7456	7457	7495	7504	7523	7608	7673	7694	7707	7723	7751	7800	7383	7419	7439	7469	7554	7575	7589	7546	7557	7568	7607	7644	7662	7711	7750	7777	7780	7928	7942	7943	7944	7963	7977	8022	8062	8086	8132	8150	8163	8177	8178	8238	8239	8240	8263	8286	8318	8264	8313	8324	8342	8373	8410	8411	8496	7862	7879	7918	7964	7978	7994	8029	8063	8064	8093	8103	8118	7139	7211	7287	7309	7330	7341	7350	7351	7371	7381	7382	6880	7074	7102	7108	7157	7158	7164	7228	7261	7005	7047	7071	7072	7159	7208	7209	7250	7276	7289	6097	6380	6658	6684	6788	6838	6881	6904	6905	6954	6955	6979	5532	6236	6262	6429	6464	6467	6539	6540	6610	6696	6739	6212	6244	6263	6298	6342	6381	6461	6541	6588	6611	6612	6637	6655	6698	6699	6729	6740	6766	6844	6656	6727	6790	6860	6862	6883	6960	7014	7048	7049	5921	6028	6073	6074	6125	6186	6187	6237	6264	6328	6335	6340	6411	5808	5946	5989	6030	6049	6050	5648	5829	5862	5873	5876	5898	5899	5902	5927	5928	5957	5983	6019	5436	5480	5581	5726	5730	5749	5755	5756	5758	5796	5797	5798	5813	5830	5836	5839	5863	5870	5871	5903	5932	6188	6193	6213	6334	6466	6491	6522	6407	6469	6495	6515	6543	6568	6593	6613	6643	6726	6907	6973	7012	7061	7129	6565	6617	6638	6642	6680	6722	6794	6846	6867	6884	6888	6909	6961	6996	5984	6051	6077	6108	6266	6300	6392	6485	6542	6549	6614	6106	6153	6267	6331	6338	6410	6430	6434	6439	6662	6701	6741	6189	6301	6337	6339	6355	6382	6383	6393	6440	6441	6021	6052	6075	6098	6122	6154	6248	5924	6099	6104	6155	6214	6336	6391	6026	6190	6191	6332	6384	6386	6462	5545	5550	5622	5696	5801	5174	5205	5248	5370	5371	5437	4870	4890	4893	4923	4924	4962	4963	4988	4990	4999	5000	5022	5029	5054	5058	5064	5066	5071	5099	5106	5119	5140	4827	4866	4885	4922	4987	5001	5053	5060	5062	5070	5139	5247	5338	5369	5376	4727	4802	4933	4964	4986	5098	4687	4761	4807	4863	4884	4985	4994	5021	5052	5173	5246	5368	5442	5534	5535	5536	5621	5800	5582	5583	5618	5695	5922	5923	6020	6056	4984	5051	5210	5275	5314	5337	5367	5510	5673	5674	5694	5731	5751	5461	5590	5617	5727	5832	5833	5834	5837	5283	5509	5616	5702	5750	5799	5831	5864	6238	6239	6299	6329	6330	6341	6354	6387	6265	6435	6444	6551	6590	6594	5274	5399	5410	5435	5479	5533	5050	5117	5171	5244	5273	5398	5204	5257	5397	5434	5508	5580	5614	5615	5647	4684	4755	4795	4856	4981	4982	5049	5068	5146	5203	5335	5447	5459	5460	5507	5646	5672	5828	5860	5861	6018	6072	6117	6185	6245	6309	3910	4065	4316	4349	4350	4353	4396	4487	4623	4882	4041	4274	4317	4318	4366	4654	4594	4685	4824	4883	4953	5096	5172	5306	5336	5400	4325	4367	4426	4467	4529	4631	4655	4726	4729	4954	4955	5097	4731	4756	4757	4983	5063	5118	5245	4265	4272	4290	4368	4427	4488	4530	4553	4569	4570	4624	4625	4686	4796	4825	4857	4992	4156	4266	4267	4277	4332	4333	4354	4371	4428	4434	4491	4550	4580	4600	4369	4397	4474	4489	4490	4627	4697	4758	4370	4468	4572	4688	4797	4798	4689	4728	4769	4799	4805	4828	4925	5100	5175	5206	5249	5344	5438	5624	5441	5537	5675	5728	5802	5812	5952	6100	6118	6268	6406	6463	6486	6489	5584	5588	5619	5620	5754	5865	5947	6022	5925	5948	6053	6156	6157	6215	6216	6240	6241	5055	5207	5250	5339	5401	4429	4439	4532	4626	4691	4760	4800	4801	4189	4297	4373	4401	4492	4494	4541	4549	4605	4656	4695	4730	4736	4894	4352	4376	4378	4406	4436	4495	4546	4599	4632	4703	4737	4694	4701	4738	4762	4804	4860	4889	4898	4960	5067	5141	5142	4763	4957	5143	4115	4185	4323	4324	4552	4576	4584	4073	4096	4211	4212	4234	4375	3721	3730	3732	3812	3813	3814	3819	3824	3896	3898	4046	4183	4231	4296	4182	4270	4321	4322	4016	4045	4069	4113	4269	4291	4351	4399	4402	4403	4531	4469	4502	4595	4690	4759	4826	4858	4859	4956	3995	4068	4091	4186	4190	4253	4268	4273	4293	4398	4471	3954	4094	4129	4207	4252	4255	4320	3278	3399	3403	3539	3566	3693	3694	3708	3620	3652	3669	3670	3691	3692	3780	3885	3867	3884	3942	3972	4043	4044	4047	4067	4108	4155	4206	4217	4230	3821	3846	3847	3940	3941	3959	4042	4066	4090	4109	4128	4229	4251	4319	3447	3455	3538	3598	3668	3699	3286	3287	3290	3367	3398	3417	3500	3110	3158	3165	3180	3218	3259	3270	3288	3315	3357	3382	3429	3440	3316	3484	3487	3508	3517	3580	3621	3659	3543	3622	3639	3673	3726	3735	3760	3695	3718	3671	3736	3744	3748	3844	3886	3289	3320	3327	3338	3422	3456	3461	3485	3518	3567	3581	3159	3228	3232	3240	3368	3226	3227	3245	3271	3272	3304	3317	3318	3319	3441	3442	2899	2900	2908	2909	2930	2977	3083	2722	2742	2752	2767	2790	2618	2627	2651	2655	2656	2681	2682	2695	2709	2753	2673	2714	2754	2755	2763	2807	2990	3021	3022	2733	2739	2771	2772	2774	2794	2795	2813	2832	2875	2931	2992	3009	2517	2542	2559	2560	2578	2590	2595	2602	2611	2631	2636	2670	2683	2442	2468	2484	2506	2518	2526	2561	2657	2688	2706	2756	2833	2876	2548	2591	2617	2628	2642	2652	2658	2674	2684	2707	2715	2740	2757	2796	2814	2834	2855	2877	2910	2922	2960	3071	3111	3162	3229	3325	3419	3420	3445	3457	3464	3727	3751	3785	3787	3788	3816	3818	3872	3887	3891	3945	3955	4095	3797	3827	3973	4017	4049	4052	4074	4076	4132	4133	4160	4215	4233	4235	3764	3765	3782	3784	3798	3800	3801	3823	3848	3851	4003	4006	3128	3132	3160	3305	3321	3323	3358	3444	3446	3133	3146	3260	3443	3458	3501	3524	3359	3505	3889	4237	4294	4551	3828	3870	3888	3933	4018	4019	4114	2507	2579	2596	2603	2643	2644	2659	2399	2404	2469	2274	2277	2304	2311	2352	2370	2414	2425	2315	2321	2358	2359	2369	2400	2403	2413	2424	2450	2453	2456	2478	2346	2357	2368	2389	2398	2423	2367	2388	2422	2434	2441	2467	2473	2477	2490	2495	2505	2433	2440	2466	2494	2503	2504	2508	2525	2529	2533	2464	2465	2483	2487	2489	2557	2569	2577	2588	2601	2597	2624	2626	2641	2666	2694	2697	2750	2751	2815	2826	2851	2649	2672	2734	2738	2786	2787	2804	2775	2788	2789	2805	2806	2852	3008	3033	3073	3079	2589	2635	2650	2721	2303	2361	2387	2397	2412	2420	2421	2455	2502	2749	2785	2812	2835	2865	2874	2934	2943	2482	2501	2510	2541	2556	2568	2648	2687	2690	2840	3148	3208	3239	3303	3401	3426	3537	3568	3603	3680	3758	3681	3682	3734	3852	4097	4154	4250	3081	3161	3268	3269	3314	3326	3416	3482	3521	3579	3274	3381	3427	3428	3483	3546	3583	3597	3707	3717	3883	2720	2732	2777	2784	2839	2854	2921	2961	3007	3020	3103	3109	3173	3041	3056	3057	3136	3172	3225	3380	3536	3565	3667	3690	3850	3564	3651	3705	3706	3716	3720	3757	3778	3811	3815	3866	3893	3929	3998	4015	4064	4089	4153	4205	4682	4683	4725	4823	4980	5116	5396	5982	6520	6538	6948	7156	7173	7227	7308	7380	7438	7488	7364	7418	7494	7503	7532	7567	7588	7605	7623	7661	7772	7798	7849	7861	7884	7891	7901	7917	7940	7941	7981	8012	8013	8040	8060	8061	8072	8117	7606	7675	7703	7706	7721	7722	7742	7799	7829	7830	7878	7902	5725	5897	5994	6017	6116	6261	6379	5122	5138	5169	5272	5305	5347	5395	5693	5859	4348	4486	4499	4651	4793	4861	4881	5095	5137	5365	5671	5136	5202	5334	5394	5464	5506	4326	4498	4528	4548	4592	3979	4501	4792	5028	5061	5253	5271	5393	5433	5486	5515	5613	5651	5670	5748	5793	5920	5956	6016	6152	6210	6273	6414	6184	6296	6428	6458	6459	6564	6569	6609	6786	6827	6923	6931	6946	6958	6970	7010	7087	7215	7280	7339	7396	7405	7436	7472	7487	7545	7602	7633	7373	7437	7492	7552	7565	7655	7665	7719	7827	7900	7992	8102	8152	8153	8202	7559	7596	7615	7650	7653	7684	7692	7697	7718	7771	7785	7847	7858	7898	7899	7915	7926	7955	7435	7444	7540	7555	7717	7797	7128	7144	7207	7214	7260	7265	7274	7367	7475	6767	6785	6808	6836	6886	6957	6975	7051	6765	6802	6804	6913	6969	7029	7054	7070	7101	7106	7142	7168	7194	7226	7237	7387	7454	7461	7059	7069	7076	7130	7154	7264	7268	7281	7425	7189	7225	7295	7331	7354	7486	7521	6563	6763	6823	6847	6849	6889	6930	6956	6959	6968	6980	6991	7004	7015	6692	6737	6761	6762	6784	6803	6822	6879	6887	6922	6945	6951	6953	6966	6967	7017	7044	7062	7088	7090	7100	7107	7117	7141	7146	7170	7188	7193	6592	6719	6760	6783	6840	6845	6885	7122	7124	7145	7162	7163	7174	7177	7196	7236	7269	7356	7103	7120	7127	7143	7167	7169	7176	7187	7197	6725	6801	6825	6877	6878	6928	6990	6999	7043	7075	6561	6657	6659	6717	6736	6744	6759	6863	6921	6932	6933	7042	7056	6149	6256	6356	6408	6582	6257	6258	6259	6431	6453	6493	6511	6517	6583	6634	6351	6533	6562	6584	6585	6598	6635	6271	6401	6432	6586	6587	6641	6718	5993	6095	6096	6150	6151	6182	6234	6235	6260	6323	6352	6454	5790	5977	5978	6046	6181	5655	5745	5761	5805	5872	6012	6013	6164	6192	6217	5513	5610	5665	5700	5789	5945	5987	5992	6024	4848	5121	5529	6107	6148	6791	6797	7003	7041	7053	7099	7206	7231	7248	7266	7410	7484	7485	7493	7502	7506	7508	7511	7528	7535	7536	7537	7538	7641	7704	7710	7730	7754	7783	7787	7792	7479	7531	7542	7549	7550	7574	7578	7609	7612	7614	7628	7635	7743	7765	7775	7793	7654	7666	7679	7702	7739	7759	7841	7664	7676	7732	7774	7789	7801	7854	7881	7914	7956	7393	7412	7420	7428	7434	7442	7443	7445	7462	7355	7357	7358	7394	7395	7399	7426	7427	7458	7463	6416	6468	6581	6673	6758	6800	6910	7011	7013	7022	7030	6653	6716	7027	7033	7040	7058	7068	7081	7085	7086	7116	7119	7153	7217	7247	7255	7259	7298	7306	7346	7378	7621	7631	7639	7640	7669	7689	7690	7712	7738	7763	7764	7779	7812	7870	7909	7970	8068	8076	8094	8095	8096	8097	8134	8165	8184	7958	7966	7967	7969	8046	8137	7822	7843	7855	7885	7892	7577	7726	7748	7762	7770	7806	7813	7817	7823	7585	7647	7372	7390	7452	7459	7498	7500	7516	7133	7166	7305	6890	7089	6559	6876	6908	6919	6944	6834	6965	7057	7171	7115	7246	7273	7300	7345	7348	7368	7618	7659	7698	7700	7761	7688	7753	7805	7808	7945	7930	8005	8014	8043	8045	8051	8092	8098	8100	8136	8180	8183	8194	8207	8227	8290	8291	8311	8333	8392	8473	8531	8562	8610	8629	8541	8582	8743	8777	8809	8853	8863	8949	8964	8985	9056	9101	8790	8851	8868	8883	8912	8923	8935	9002	9003	9008	9018	9043	9071	9080	9086	9102	9123	9134	9155	9220	9236	9237	9254	9259	8454	8490	8536	8600	8685	8701	8704	8715	8720	8735	8744	8759	8778	8783	8793	8802	8835	8898	8942	8056	8071	8083	8196	8233	8241	8249	8374	8434	7894	7932	7867	7883	7905	7949	7256	7377	7441	7562	7580	7611	7185	7186	7192	7263	7362	7433	7184	7212	7245	7272	7297	7338	7388	7409	7510	7561	7619	7760	7833	7869	7888	7935	7997	8033	8041	8074	8085	8164	8190	8195	8119	8142	8193	8197	8199	8228	8232	8420	8460	8509	8520	8534	8561	8587	8594	8609	8623	8693	8698	8712	8763	8808	8850	8852	8867	8886	8930	9007	8303	8354	8419	8518	8519	8574	8575	8579	8626	8642	8660	8724	8789	8732	8758	8807	8825	8882	8894	8919	8952	8984	9001	9027	9070	9084	9129	8464	8472	8507	8517	8572	8598	8628	8655	8656	8667	8705	8719	8731	8748	8771	8776	8120	8133	8154	8155	8255	8292	8310	8314	8433	7790	7811	7816	7906	7959	8004	8025	7890	8003	8067	8141	8192	8198	8218	8226	8268	8289	8297	8309	8345	8425	8427	8428	8449	8456	8461	8481	8567	8480	8512	8516	8557	8627	8639	8713	8717	8727	8829	8881	8666	8718	8787	8788	8847	8903	8956	8864	8905	8922	8980	9052	9053	9065	9075	9121	9142	9154	9164	9180	9186	9229	9251	9252	9295	9307	9310	9341	9436	9169	9174	9207	9231	9294	9313	9315	9318	9342	9389	9424	9435	9470	8848	8865	8976	9057	9083	8414	8457	8488	8489	8515	8539	8167	8257	8265	8267	8368	8397	8308	8335	8469	8487	8530	8272	7757	7868	7882	7907	7920	7933	7947	7957	7985	7998	8006	8031	8055	8066	7464	7477	7541	7637	7656	7670	7677	7678	7736	7737	7782	7842	7294	7304	7328	7375	7389	7465	7515	7551	7560	7591	7598	7638	7657	7658	7687	7746	7773	7784	7824	7864	7960	7986	7999	8017	8018	8032	8075	8099	8108	8109	8110	8127	8138	8181	8295	8298	8418	8447	8470	8471	7904	7931	7996	8054	8088	8139	8140	8182	8269	7476	7576	7634	7668	7803	7814	7832	7852	7195	7376	7450	7451	7466	7525	7597	7620	7649	7733	6349	6371	6492	6580	6681	6712	6713	6771	6833	6856	6901	5474	5642	5663	5722	5743	5759	5786	5895	6043	6070	6114	6287	6288	6289	6348	6369	6370	4935	4950	5196	5281	5388	5499	5573	5607	5721	5785	5915	5943	5944	5986	6010	6025	6347	4719	4846	4847	4997	5089	5195	5267	5268	5427	5606	5894	5905	5914	5954	6009	6146	6158	6566	5426	5455	5472	5605	5699	5784	5853	5690	5782	5783	5893	6042	6129	6219	5704	5779	5780	5781	5892	5975	6008	6029	6092	6093	6094	6178	6179	6207	6218	6220	6368	6415	6422	5497	5526	5527	5572	5585	5689	5778	5811	5826	5973	5974	5990	6007	6145	6233	6255	6302	6333	6509	6529	6546	6630	6631	6644	6710	6711	6756	6793	6811	6974	6781	6832	6875	6900	6942	6943	6254	6367	6437	6507	6508	6579	6616	6646	6682	6177	6286	6479	6506	6607	6102	6346	5719	5825	5890	5942	5950	6113	6144	6276	6321	6578	6606	6670	6671	6755	6768	6809	6821	6831	6899	6505	6605	6742	6792	6841	6365	6366	6442	6478	6504	6595	6683	5901	6091	6246	6272	5662	5941	6069	5209	5297	5328	5329	5384	5443	5524	5661	5652	5741	5912	6006	6054	6090	6143	6232	6253	5602	5660	5718	5753	5806	5900	5930	5940	6005	6088	6089	6142	6176	5191	5230	5326	5327	5356	5481	5523	5571	5603	5703	4565	4617	4634	4830	5131	5255	5296	5377	4772	4781	4946	5059	5454	5570	5623	5697	5717	5777	5889	5911	6127	6140	6141	6285	6320	6385	6445	6451	6528	6596	6628	6629	6669	6547	6577	6604	6652	6668	6709	6735	6753	6754	6819	6820	6830	6912	6941	6898	6963	6987	6998	7009	7037	7038	7079	7080	7096	7123	7165	7244	7253	7113	7125	7126	7183	7312	7332	7333	7303	7315	7327	7334	7337	6927	7035	7112	7138	7182	7224	7232	7278	7284	7299	7111	7218	7243	7313	7251	7254	7408	7411	7432	7391	7482	7509	7512	7530	7543	7279	7326	7361	7369	7398	7421	7449	7481	7489	7501	7514	7121	7204	7205	7252	7291	7293	7296	7302	6916	6985	7034	7050	7067	7151	7181	7222	7223	7065	7066	7150	7179	7180	7203	7136	7137	7149	7178	7221	7233	7242	7258	7271	7324	7325	7336	6816	6854	6874	6896	6940	6984	6995	6777	6815	6848	6892	6939	7002	7024	7078	7093	7094	7095	7104	7135	7201	7202	7239	7240	7241	7257	7288	7322	7323	7431	7446	7448	7513	7321	7335	7347	7359	7360	7430	7480	7529	7238	7270	7286	7301	7319	7320	7374	7397	7407	7413	7429	7447	7091	7092	7148	7199	7200	7219	7220	6853	6895	7001	7019	7020	7064	7077	7147	6873	6915	6981	6982	6983	7000	7109	7134	6570	6599	6621	6647	6686	6746	6772	6773	6795	6872	6937	6938	6962	7018	7063	6687	6688	6703	6796	6812	6813	6814	6358	6359	6395	6447	6499	6523	6524	6552	6571	6572	6648	6472	6473	6525	6553	6600	6601	6622	6663	6664	6689	6704	6730	6747	6774	6775	5936	5964	6060	6061	6109	6133	6134	6198	6199	6225	6226	6227	6313	6314	5558	5559	5597	5636	5658	5708	5709	5764	5820	5845	5846	5847	5880	5881	5963	6001	6002	6059	6080	6132	6170	6171	6197	6249	6250	6278	6357	6389	6498	5843	6057	6058	6079	6131	6169	6196	6222	6223	6224	6312	6471	6000	6168	6243	6305	6438	6490	6497	6550	6619	6620	6723	6769	6798	6829	6852	6893	6894	6914	6936	7032	6496	6618	6639	6660	6685	6702	6745	6770	6851	6870	6871	6275	6277	6306	6418	6419	6446	6465	6487	5678	5818	5935	6027	6032	6128	6166	6167	6247	6304	5312	5541	5555	5591	5682	5683	5842	5961	5631	5681	5804	5874	5878	5951	5960	6031	6161	6162	6165	6311	5996	6078	6121	5934	5959	5490	5553	5554	5630	5677	5680	5735	5763	5841	5152	5223	5259	5286	5414	5484	5518	5632	4638	4776	4871	4887	4903	5004	5027	5035	4902	5003	5276	5409	4281	4306	4335	4336	4379	4445	4446	4500	4558	4559	4574	4628	4669	4705	4706	4811	4256	4282	4283	4327	4328	4355	4374	4412	4447	4448	4505	4542	4051	4061	4141	4168	4195	4257	4449	4610	4664	4707	4743	4770	4938	4996	5005	5056	4995	5075	5105	5153	5213	5260	5310	5348	5374	5556	5656	5154	5261	5321	5415	5449	5491	5557	5595	5633	5736	5287	5375	5519	5596	5634	5635	5657	5707	5737	5738	5819	5844	5879	5962	4966	5078	5129	5181	5182	5262	5288	5351	5383	5416	5417	5598	5637	5684	5765	5766	5848	5882	5907	5908	5937	6003	6055	6135	6200	6201	6228	6279	6315	6316	6343	6360	6394	6396	6420	6474	6500	6501	6526	6573	6602	6623	6649	6665	6700	6731	6732	6776	6136	6202	6280	6317	6361	6433	6448	6502	6574	6624	6690	6650	6705	6733	6748	6778	6799	6855	6475	6527	6554	6589	6734	6555	6575	6625	6666	6749	6817	6869	6866	6917	6994	7008	7110	6750	6779	6780	6868	6897	6986	6344	6556	6603	6626	6706	6720	6251	6318	6319	6398	6399	6476	6576	6627	6707	6728	6751	6807	6864	6865	6935	7006	7028	7036	7052	6345	6363	6400	6421	6545	6651	6409	6503	6065	6084	6085	6174	5852	5939	5969	6036	6066	6175	5877	6067	6139	6203	6231	6284	6364	6477	6557	6708	6667	6752	6818	6826	6850	7007	7055	6083	6112	6173	5685	5714	5772	5850	5851	6035	5771	5887	5938	6034	6062	6063	6064	6111	5451	5468	5522	5562	5587	5711	5712	5713	5769	5770	5886	5421	5494	5639	5768	5822	5823	5885	6004	6138	6230	6283	6308	6362	6449	5739	5767	5883	5884	5967	6033	6081	6082	6110	6137	6076	6172	6229	6281	6282	6397	5521	5599	5638	5659	5710	5821	5849	5965	5966	5080	5155	5186	5224	5263	5313	5323	5352	5419	5420	5561	4563	4715	4716	4779	4906	4907	5008	5039	5109	5156	5187	5291	5292	4671	4773	4892	4908	4942	4968	5009	5081	5082	5225	5264	5130	5226	5227	5293	5353	5452	4909	4936	5010	4969	5040	5041	5083	5084	5157	5354	5495	5563	5564	5600	5715	5773	5888	5968	5565	5566	5640	5686	5716	5740	5875	5909	5910	4944	4970	5158	5188	5228	5266	5355	5422	5453	5189	5190	5277	5324	5470	5471	5567	5601	5824	5929	6037	6038	6068	6086	6204	6252	6450	5496	5547	5568	5569	5774	5775	5776	5970	6087	6159	6205	4517	4616	5011	5042	5176	5402	5423	4405	4435	4455	4482	4483	4540	4733	4750	4817	4841	4862	4945	4341	4454	4481	4516	4539	4589	4597	4717	4868	4840	4910	4943	5085	5110	5111	5265	5280	5294	5295	5469	3932	4021	4225	4244	4312	4340	4386	4408	4421	4432	4453	4615	4420	4515	4564	4578	4614	4633	4672	4673	3771	3804	3859	3860	3873	3894	3904	3924	4012	4084	4103	4120	4130	4134	4144	3298	3348	3349	3350	3391	3404	3433	3493	3519	3554	3576	3587	3588	3613	3614	3351	3392	3425	3471	3486	3494	3531	3555	3589	3645	3646	3656	3452	3472	3540	3556	3590	3604	3615	3624	3635	3647	3836	3861	3956	3966	4104	4112	4121	4163	4177	4226	4295	3702	3772	3837	3897	4031	4167	3793	3862	3934	3975	4122	4145	4245	3935	4146	4147	4198	4209	3724	3773	4123	4178	3805	3838	3925	3806	3988	4013	4032	4246	4360	4361	4430	4579	4735	4874	5065	4111	4342	4407	4519	4456	4843	4844	4891	4947	5113	5214	5231	4566	4734	4764	4875	4929	4971	5086	5104	5178	5604	5654	5687	5698	5742	4876	5043	5232	5315	5357	5385	5525	5641	5653	5803	5891	5542	5688	5720	5868	5913	5971	5972	6039	6040	6041	6123	6206	4739	4782	4948	4949	4972	5192	5233	5234	5235	5358	5424	5445	4470	4619	4783	4845	4913	5072	5087	4895	4973	4993	5012	5330	5345	5425	5498	4674	4877	5193	5194	5251	5386	5387	4768	5013	5025	5088	5114	5159	5298	5359	5440	5456	5473	3880	3997	4014	4034	4262	3369	3474	3515	3640	3664	3731	3755	3906	3284	3313	3334	3354	3559	3560	3636	3841	3863	3881	2974	3108	3176	3177	3178	3199	3255	3291	3301	3353	3375	2991	3361	3370	3395	3453	3710	2946	3080	3082	3149	3154	3175	3241	3300	3333	3602	3703	3754	3766	3786	3822	3840	3879	3905	3949	3957	3968	4063	4086	4092	4148	4149	4188	3737	3746	3839	3878	3892	3930	3937	3991	4161	4247	4254	4261	4362	4422	4433	4457	4618	4751	4864	3747	3926	3976	3989	3990	4085	4179	4214	4288	3794	3795	3825	3936	3967	4033	4071	3628	3733	3750	3877	3131	3253	3282	3322	3341	3352	2653	2894	2927	2938	2945	2986	3018	3203	3506	3558	3592	2993	3030	3045	3067	3077	3125	3134	3144	3169	3311	3365	3434	3473	3495	3522	3557	3571	3577	3591	3616	3625	3648	3649	3709	3714	4518	4547	4718	4780	4842	4911	4912	5112	5229	5325	5405	3002	3003	3086	3124	2952	2966	3001	3029	3039	3040	3058	3066	3122	3123	3168	3198	3214	3252	3065	3107	3120	3121	3130	3143	3147	3152	3197	3213	3299	2563	2604	2662	2679	2700	2701	2803	2831	2539	2586	2612	2614	2685	2730	2802	2376	2377	2416	2485	2491	2521	2532	2540	2341	2439	2462	2496	2497	2498	2512	2531	2639	2530	2538	2558	2562	2585	2609	2593	2619	2638	2661	2667	2678	2689	2716	2717	2729	2736	2769	2781	2810	2838	2861	2872	2892	2898	2904	2905	2916	2924	2951	3000	3028	3038	3054	3064	3094	3098	3142	3183	3184	3212	3222	3530	3675	3741	3833	3834	3739	3740	3781	3791	3831	3832	3875	4083	3965	4009	4143	4174	4193	4258	4308	4338	4259	4359	4382	4383	4415	4416	4511	4560	4561	4640	4641	4710	4746	4747	4836	4873	4905	5076	5077	4337	4414	4510	4596	4709	4745	4813	4814	4835	5006	5036	4381	4451	4479	4496	4509	4534	4639	4660	4732	4744	4831	4872	4965	4507	4508	4533	4708	4765	4777	4778	4904	4926	4939	4413	4431	4450	4476	4506	4537	4571	4575	4601	4670	4896	4117	4172	4276	4284	4285	4307	4358	3902	3996	4029	4062	4218	4082	4110	4118	4131	4142	4173	4196	4210	4224	4286	4330	4380	3753	3803	3845	3849	3903	3914	3943	3978	3986	3987	3450	3609	3610	3643	3662	3663	3674	3686	3713	3722	3585	3608	3631	3632	3642	3712	3723	3711	3759	3871	3901	3912	3922	3964	3347	3389	3432	3469	3512	3513	3514	3529	3630	3684	3685	3761	3779	3857	3900	3917	3974	4008	4101	3763	3856	3977	3985	4007	4059	4060	4099	4100	4116	4216	4223	4140	4271	4304	4305	4329	4504	4557	4577	4583	4586	4608	4609	4665	4667	4668	4704	4742	4803	4934	4937	4959	5002	5034	5073	5074	5128	5151	5180	5320	5032	5126	5127	5150	5285	5349	5350	5381	5382	5489	5517	5593	5594	5705	5706	5734	5817	5488	5552	5629	5732	5733	5815	5816	5147	5148	5220	5221	5317	5378	5379	5380	5413	5448	5465	5466	4899	5031	5125	5149	5179	5222	5258	5318	5319	4636	4833	4900	5033	4443	4444	4556	4637	4812	4834	4901	4058	4222	4279	4303	4057	4241	4301	4302	4334	4357	4442	4666	4740	4741	4409	4410	4411	4440	4441	4503	4554	4555	4585	4606	4607	4635	4774	4775	4138	4139	4170	4171	4221	4239	4240	4298	4299	4300	4080	4136	4137	4169	4220	4278	3960	3961	3962	3980	3981	3982	4023	4024	4025	4054	4078	4079	3918	3983	4026	4027	4055	4081	3829	3853	3963	4056	3653	3752	3789	3790	3854	3874	3899	3919	3984	3830	3855	3920	3947	4028	4098	4194	4242	4280	3738	3767	3869	3921	3249	3330	3331	3346	3388	3407	3489	3490	3491	3550	3605	3629	3164	3192	3193	3206	3266	3277	3306	3308	3360	3383	3387	3460	3265	3344	3385	3386	3418	3462	3467	3541	3502	3526	3549	3626	3449	3509	3600	3584	3601	3641	3660	3421	3424	3430	3466	3507	3520	3572	3372	3384	3431	3448	3263	3329	3345	3362	3371	3373	3243	3247	3248	3276	3280	3191	3242	3273	3105	3115	3150	3151	2970	2978	2982	3012	3043	2923	2947	3034	3035	3052	3059	3060	3074	3084	3113	3114	3102	3112	3166	3167	3181	3190	3204	3205	3246	3264	2759	2778	2818	2844	2846	2867	2741	2817	2828	2842	2843	2845	2868	2878	2888	2902	2911	2944	2912	2925	2932	2936	2963	2971	2983	3013	2935	2969	2981	2995	2996	3061	3127	3062	3095	3106	3116	3117	3118	3129	3139	3174	3234	3293	3194	3210	3211	3250	3408	3281	3409	3468	3492	3510	3511	3527	3528	3573	3606	3607	3661	3085	3119	3140	3195	3221	3235	3251	3294	2997	2998	3014	3015	3053	3075	2727	2798	2800	2821	2829	2858	2870	2891	2937	2999	3016	3036	3044	2926	2984	3017	3025	3063	2801	2881	2903	2964	2859	2985	3026	3096	3097	3295	3410	3574	3586	3611	3633	3654	3700	2913	2948	2949	3027	3037	3076	3141	3182	3196	2728	2822	2830	2860	2871	2896	2897	2914	2915	2950	2965	2584	2620	2637	2647	2677	2780	2792	2882	2514	2537	2571	2582	2583	2598	2646	2509	2511	2520	2549	2581	2608	2633	2675	2676	2699	2726	2744	2765	2820	2848	2849	2856	2857	2869	2711	2725	2735	2761	2768	2779	2791	2799	2808	2836	2837	2847	2724	2743	2758	2809	2819	2175	2188	2208	2227	2249	2261	2276	2173	2176	2189	2190	2203	2210	2211	2223	2224	2225	2226	2228	2229	2246	2250	2294	2127	2128	2134	2146	2149	2150	2151	2157	2158	2159	2160	2177	2204	2145	2161	2172	2178	2185	2186	2191	2201	2205	2230	2192	2209	2231	2232	2247	2248	2251	2262	2194	2233	2245	2252	2253	2260	2162	2163	2164	2187	2193	2200	2202	2206	2207	2117	2129	2130	2131	2133	2135	2136	2144	2147	2152	2153	2165	2166	2167	2179	2195	2212	2213	2214	2234	2235	2236	2148	2154	2168	2180	2181	2196	2215	2216	2237	2238	2239	2197	2217	2218	2219	2240	2241	2254	2263	2264	2279	2280	2295	2296	2301	2353	2306	2322	2339	2220	2242	2243	2255	2265	2266	2267	2281	2282	2307	2268	2269	2283	2284	2285	2297	2270	2286	2287	2302	2312	2319	2334	2340	2362	2348	2360	2363	2375	2391	2405	2407	2408	2459	2474	2550	2437	2460	2488	2515	2534	2543	2621	2323	2349	2354	2371	2379	2380	2438	2445	2454	2392	2415	2427	2428	2446	2461	2475	2476	3236	3275	3296	3297	3310	3332	3363	3364	3374	3390	3411	3451	3470	3551	3552	3553	3575	3634	3644	3655	3676	3612	3698	3701	3768	3769	3770	3792	3802	3835	3858	3876	3923	3948	4010	4011	4030	4050	4119	4176	4243	4287	4311	4384	4385	4452	4514	4613	4020	4102	4175	4197	4260	4339	4419	4480	4310	4418	4513	4562	4611	4612	4711	4712	4713	4714	4837	4838	4839	4888	4941	5007	5038	4991	5037	5079	5108	5184	5185	5289	5290	5322	5418	5450	5467	5492	5493	5520	5560	4309	4417	4512	4587	4588	4642	4748	4749	4815	4816	4940	4967	5183	2663	2692	2723	2793	2862	2883	2337	2378	2381	2382	2393	2394	2401	2409	2417	2429	2430	2519	2564	2587	2317	2344	2395	2410	2418	2431	2436	2447	2463	2470	2572	2671	2770	2782	2823	2879	2901	2917	2933	2953	2972	2101	2305	2345	2402	2406	2444	2452	2480	2536	2544	2551	2615	2493	2718	2766	2783	2816	2824	2863	2884	2895	2906	2939	2973	2994	3019	3153	3244	3261	3283	3312	3393	3412	3617	3004	3068	3087	3185	3207	3237	3254	3262	3342	3366	3394	3405	3413	3463	2565	2712	2928	2980	2155	2275	2308	2342	2411	2471	2364	2419	2448	2451	2472	2535	2545	2592	2616	2668	2680	2686	2698	2713	2731	2737	2745	2458	2499	2522	2546	2573	2594	2605	2610	2625	2664	2702	2082	2086	2090	2091	2182	2222	2256	2288	2289	2320	2035	2040	2048	2055	2056	2060	2077	2138	1926	1941	1949	1990	2027	2029	1901	1910	1927	1942	1943	1977	1980	1986	1895	1905	1916	1917	1944	1981	1982	1987	1998	1743	1774	1785	1791	1825	1860	1878	1888	1502	1540	1561	1579	1571	1616	1597	1629	1630	1641	1642	1651	1663	1669	1740	1576	1587	1605	1612	1613	1631	1632	1643	1652	1660	1661	1670	1671	1672	1685	1695	1696	2272	2524	2554	2566	2570	2574	2580	2553	2606	2629	2630	2632	2660	2764	2347	2443	2599	2703	3256	3324	3335	3436	3476	3488	3504	3533	3561	3562	3563	3582	3593	3594	3595	3916	3842	3895	3938	3952	3999	4035	4036	4087	4126	4157	4187	4191	4263	4388	4400	4535	4598	4696	4720	4766	4819	4867	5045	5046	5162	5236	4313	4389	4459	4475	4573	4629	4644	4657	4659	4700	4753	4974	5101	5482	5500	5514	5643	5691	5918	5933	5976	5985	5995	5237	5252	5501	5576	5644	4645	4675	4698	4787	4808	4809	4829	5026	5057	5216	5256	5346	5412	5869	5997	6124	6147	6292	6350	6436	6274	6494	6510	6514	6531	6558	6633	6640	6724	6757	6918	6964	7039	6470	6481	6482	6530	6632	6672	6691	6782	6902	6988	4928	5024	5103	5145	5163	5199	5238	5299	5316	5342	5373	5284	5307	5308	5311	5341	5404	5411	5429	5444	5446	5463	5502	5516	5543	5548	5300	5360	5361	5390	5407	5546	5577	5586	5608	5649	5676	5692	5723	5757	5788	5809	5810	5827	5866	5904	5906	5926	5931	5958	5991	6208	6488	6835	6842	6920	6934	6952	6977	6989	7021	7060	7216	7234	7283	7316	7414	7415	7453	7473	7483	7496	7517	7558	5549	5625	5807	6119	6126	6516	6532	6560	6715	5102	5332	5462	5485	5504	5528	5609	5919	6023	6045	6180	4150	4166	4200	4521	4567	4582	3908	4001	4105	4219	4343	4820	4989	5014	5015	5047	5124	5144	5340	5487	5503	5511	5650	6105	4184	4543	4930	5120	5208	5211	3958	4037	4232	4236	4646	4699	3826	3915	4005	3307	3547	3596	3618	3627	3376	3400	3497	3578	2967	3047	3070	3202	2887	2988	3046	3069	3090	3091	3186	3201	3217	3223	3238	3402	3496	2762	2890	2919	2929	2719	2747	2773	2797	2941	2962	3478	3525	3534	3696	3745	2645	2811	2920	2314	2500	2748	2866	3042	2853	2907	3072	3093	3100	3209	3292	3377	3156	3157	3170	3233	3340	3378	3535	3544	3688	3808	3817	4208	4604	4620	4850	4878	4914	4915	4931	4976	5017	5167	5239	5362	5391	5408	5578	5406	5430	5439	5477	5483	5530	5544	5551	5589	5626	5645	5666	5729	5746	5760	5840	5838	5854	5988	5998	6103	6115	6163	6194	6270	6293	6324	6373	6388	6390	6402	6403	6404	6405	6425	6455	6567	6608	6615	6674	6675	6654	6676	6764	6805	6806	6828	6911	6992	7016	6294	6307	6443	6534	6591	6636	6645	6677	6295	6310	6325	6326	6426	6456	6483	6484	6512	6518	6535	6183	6209	6242	6327	6353	6374	6427	6457	6536	6544	6597	5667	5679	5791	5792	5855	5953	5979	5980	6014	6015	6130	5505	5512	5539	5668	5669	5747	5856	5867	6047	5019	5115	5132	5133	5177	5201	5212	5241	5270	5302	5303	5363	5392	5432	4677	4767	4789	4851	4897	4917	4918	4978	5018	5092	5093	5240	5478	5215	5431	5592	5611	5612	5627	5628	5701	5814	5835	5896	6160	4879	4977	5023	5107	5123	5168	5200	5219	5269	5301	4048	4437	4484	4602	4810	4916	5069	5278	3809	3992	3993	4158	4363	4390	4461	4462	4493	4523	4568	4590	4621	4647	4648	4676	4722	4038	4106	4135	4202	4264	4275	4345	4364	4365	4391	4423	4463	4464	4485	4544	4213	4292	4346	4377	4392	4393	4424	4472	4524	4538	4591	4622	4663	4394	4438	4545	4649	4662	4692	4702	4723	4790	4791	4832	4865	4919	4920	4927	4238	4331	4356	4395	4473	4477	4525	4526	4527	4630	4650	4658	4661	4678	4771	4806	4852	4853	4952	4961	5030	5134	5135	5242	5279	5304	5343	5364	5531	5538	5579	4347	4478	4679	4724	4854	4869	4880	4979	5020	5048	5094	5217	3994	4039	4070	4077	4088	4181	4192	4404	4425	3719	3865	3868	4002	4093	4127	4151	3224	3309	3414	3437	3438	3498	3503	3516	3545	3599	3672	3810	3023	3135	3138	3187	3257	3337	3379	3415	3465	3570	3179	3231	3406	3637	3657	3665	3683	3689	3697	3704	3728	2576	2634	2665	2669	2704	2705	2710	2841	2864	2956	2975	3050	2886	2893	2942	2957	2958	2976	2989	3049	3051	3092	3104	3126	3163	3188	3230	3258	3423	3439	3569	3666	3756	3777	3783	3796	4075	4165	4249	4314	3623	3729	3742	3882	3928	4000	4072	4164	4203	3953	4040	4107	4152	4204	4227	4228	4315	4465	4536	4593	4652	4653	4693	4794	4921	4004	4159	4466	4680	4681	4821	4822	4855	4886	4958	5170	5218	5243	5366	5403	3397	3459	3678	3743	3909	2968	3055	3101	3171	3189	3343	3481	3499	3638	3679	2513	2693	2850	2889	3024	3032	2555	2567	2623	2959	2979	3078	2142	2156	2336	2113	2114	2259	2291	2292	2316	2326	2327	2331	2338	2372	2384	2390	2396	1835	1845	1852	2001	2004	2005	2013	2014	2015	1687	1707	1718	1728	1732	1737	1748	1749	1761	1796	1801	1833	1834	1838	1840	1843	1844	1851	1859	1861	1862	1873	1874	1929	1930	1958	1967	1979	2012	2057	2078	2097	2449	2486	2607	2622	2776	2825	2873	2696	2827	3010	3048	3220	3219	3279	3328	3336	3356	3454	3479	3480	3548	3619	3776	3913	3927	4460	4522	4721	4754	4788	4849	4932	4975	4998	5016	5091	5164	5165	5166	5309	5333	3939	3971	4248	3677	3843	4162	4201	4344	4497	2328	2547	2575	2640	2383	2613	2691	2708	2746	2760	2955	3200	3658	3762	3799	3911	4022	3339	3477	3523	3749	3890	3944	3970	5916	5917	5949	6011	6044	6071	6101	6290	6423	6424	6452	6661	4289	4387	4458	4520	4603	4643	4752	5044	5090	5160	5197	5198	5254	5331	5389	5428	5457	5458	5475	5476	5540	5574	5575	5664	5744	2141	2258	2333	1997	2002	2026	2028	2050	2092	2093	2116	2118	2137	2309	1742	1805	1829	1872	1877	1886	1539	1688	1784	1831	2034	2054	2065	2076	2111	2124	2299	2017	2021	2100	2121	2271	2298	2310	2329	1596	1611	1624	1640	1667	1741	1773	1327	1362	1363	1371	1392	1395	1396	1409	1410	1416	1440	1441	1452	1509	1512	1590	1586	1604	1689	1800	1812	1850	1404	1424	1468	1472	1507	1511	1528	1543	1451	1455	1467	1482	1501	1506	1517	1523	1524	1538	1542	1549	755	790	1148	1177	1216	1252	1282	589	748	791	865	1060	1147	931	1029	1270	1274	1287	1300	1462	369	465	517	552	832	877	890	80	88	139	192	237	357	92	138	144	229	239	269	93	96	98	100	106	111	117	123	129	71	21	27	32	36	37	40	43	46	9	10	12	13	14	15	17	18	19	22	23	25	26	28	29	31	33	41	47	76	77	78	81	82	83	84	85	87	89	91	94	95	97	102	104	105	107	110	112	113	116	118	119	121	120	125	127	132	133	135	136	156	157	158	160	172	146	148	149	150	159	163	169	173	176	181	182	186	191	162	167	177	178	180	183	190	196	197	202	209	225	198	203	206	208	213	216	227	234	245	251	252	265	268	273	279	285	240	241	247	253	255	263	264	271	282	283	290	292	297	298	299	308	310	315	319	321	323	337	355	358	362	316	317	320	322	324	325	328	338	349	354	368	371	386	388	389	403	416	427	398	413	414	415	418	428	429	431	434	435	441	444	455	456	454	462	473	476	482	495	502	503	511	512	518	537	561	596	603	614	668	669	703	723	737	821	839	702	736	776	814	837	838	853	866	881	882	966	1003	757	758	852	880	932	933	934	953	965	982	983	1019	1034	1062	1087	1089	1095	1117	1018	1079	1094	1119	1165	1178	1186	1187	1203	1204	1241	1002	1052	1093	1140	1160	1164	1171	1173	1181	1197	1202	1301	1306	1310	1311	1341	1353	1139	1182	1213	1214	1238	1246	1260	1269	1280	1314	1273	1286	1317	1324	1326	1335	1352	1478	1499	1799	1531	1534	1595	1602	1790	1349	1350	1354	1355	1358	1373	1381	1382	1387	1413	1432	1475	1289	1299	1307	1320	1329	1337	1338	1383	1389	1414	1433	1020	1111	1112	1118	1125	1152	1153	1218	1232	1247	1271	1275	1283	1308	967	984	1004	1096	1113	1126	1188	1205	1206	1233	1237	1249	1253	1256	1263	1264	759	760	775	792	907	935	968	604	605	609	619	620	656	680	681	568	579	580	581	588	541	549	514	531	532	538	544	550	480	488	516	520	542	469	437	449	451	458	463	478	479	487	499	513	519	477	486	491	498	505	524	525	448	450	464	394	395	396	400	401	408	409	410	417	420	424	384	385	393	399	404	405	406	407	419	421	422	423	432	436	457	460	468	483	484	485	489	490	496	497	504	372	375	377	378	379	381	382	383	390	391	392	305	306	313	314	332	339	345	352	359	360	329	331	333	335	336	340	341	343	344	347	348	350	361	275	276	277	284	286	293	301	302	304	312	281	289	300	307	318	242	244	250	257	258	259	260	261	266	274	187	195	200	201	204	205	207	211	218	220	221	228	231	233	235	114	143	147	161	164	165	175	179	188	212	219	222	223	217	249	226	238	246	267	280	99	103	108	109	115	122	124	126	128	130	131	137	140	142	145	155	232	236	243	256	270	272	287	303	309	311	334	346	351	353	356	363	367	373	374	439	445	446	452	453	466	467	471	475	481	536	545	548	557	564	567	571	578	595	601	602	618	627	638	639	650	492	493	494	500	501	510	523	397	412	425	426	430	433	440	443	447	509	560	566	594	637	521	522	527	530	535	547	553	554	555	556	563	565	574	577	590	593	608	629	645	707	735	817	835	836	879	905	906	952	961	1610	1615	1618	1621	1824	1626	1628	1634	1639	1255	1276	1284	1321	1322	1330	1588	1449	1450	1484	1485	1525	1535	1556	1559	1706	1736	1154	1169	1179	1189	1200	1224	1234	908	985	1012	1035	1063	1064	1114	1304	724	725	749	761	793	806	860	630	640	641	657	662	666	682	708	738	777	794	670	671	683	690	691	692	709	726	739	807	840	854	957	642	654	663	684	693	704	710	711	745	771	808	1103	134	546	600	611	615	616	621	622	636	661	672	719	727	818	855	909	1051	1150	1183	1190	1207	1242	1268	1277	1290	1291	1331	1332	1361	1368	1374	1423	1429	1569	1292	1323	1405	1421	1548	1434	1461	1083	1146	1157	1235	1305	1342	1375	1427	1435	1490	1532	1552	1560	1619	1635	1715	1717	1739	1786	1802	1814	1830	1848	1853	1883	2018	2037	2079	2099	2102	2104	2107	2108	2109	2115	2122	2123	2143	2169	2184	2198	2199	2385	2386	2095	2096	2103	1959	2010	2083	2084	1863	1864	1875	1891	1906	1939	1952	1960	1968	1847	1849	1855	1866	1876	1902	1907	1911	1913	1919	1923	1931	1932	1945	1946	1953	1961	1962	1974	1991	2008	2038	2052	2087	2110	2174	2244	2273	2293	2330	2356	2366	2432	1954	1963	1964	1969	1983	1992	2006	2019	2068	2085	2088	2009	2023	2024	2031	2033	2043	1934	1935	1955	1965	1970	1975	1984	1993	1996	1909	1925	1936	1976	1978	1994	1971	1985	1988	2007	2016	2039	2053	2059	2070	2072	2073	2075	2081	2105	2120	2126	2032	2045	2047	2063	2125	2171	2221	1819	1871	1904	1948	1995	2061	2062	2064	2069	2080	2089	2132	2170	1857	1870	1880	1885	1893	1896	1897	1900	1912	1915	1920	1924	1937	1842	1868	1869	1881	1892	1899	1903	1922	1933	1940	1947	1810	1856	1858	1867	1879	1884	1894	1908	1914	1769	1788	1818	1820	1826	1846	1865	1767	1768	1798	1828	1701	1716	1730	1731	1753	1755	1762	1763	1783	1781	1782	1803	1837	1841	1585	1598	1627	1647	1658	1659	1676	1686	1692	1700	1703	1709	1609	1637	1638	1657	1668	1682	1683	1698	1699	1713	1722	1752	1766	1779	1780	1787	1797	1811	1815	1816	1817	1823	1827	1854	1882	1765	1772	1778	1804	1809	1836	1921	1636	1646	1656	1673	1680	1681	1708	1711	1729	1738	1750	1751	1760	1491	1510	1541	1547	1553	1554	1564	1565	1566	1359	1376	1378	1406	1418	1436	1473	1443	1486	1293	1325	1340	1369	1230	1261	1309	1316	920	958	974	997	1076	1078	1082	1108	1136	1145	1170	923	929	1036	1042	1046	1067	1098	1066	1109	1128	1166	1016	1045	1047	1054	1075	1105	1135	1107	1122	1144	1158	1161	1167	1196	1199	1208	1215	1226	1229	1212	1223	1227	1231	1239	1278	1295	1297	1303	1344	1043	1081	1088	1097	1123	1141	916	945	960	979	980	981	988	989	990	1010	1027	1044	951	975	978	991	992	999	1015	1025	1030	1048	1049	1050	1059	924	925	955	959	963	977	996	876	888	891	915	919	781	811	815	844	845	859	864	872	895	874	899	902	913	914	918	921	927	928	947	948	1001	869	892	894	937	938	944	949	950	987	998	1026	772	773	779	785	800	801	803	804	810	816	820	826	828	830	843	846	849	850	857	861	764	774	780	783	784	787	789	796	824	689	694	802	863	884	885	887	889	901	917	956	976	896	922	930	946	971	1013	1017	962	972	993	1022	1056	1058	1068	1080	1086	1090	1099	1110	1137	1172	939	1005	1006	1023	1055	1069	1070	1071	1116	1120	1129	1130	1142	1174	1191	1037	1038	1061	1085	1100	1101	1102	1131	1132	1143	1149	1155	1168	1192	1193	1209	1210	1219	1220	1236	1243	1244	1294	1339	1345	1356	1393	1407	1465	1476	1487	1492	1493	1494	1495	1503	1505	1514	1519	1428	1453	1457	1515	1516	1520	1521	1522	1526	1527	1536	1537	1555	1568	1250	1254	1257	1334	1351	1400	1437	1446	1377	1388	1390	1438	1458	1459	1477	1488	1357	1360	1370	1384	1394	1401	1402	1415	1391	1403	1408	1417	1422	1439	1444	1445	1454	1460	1463	1464	1466	1471	1479	1480	1481	1496	1500	1693	1789	1008	1039	1040	1072	1194	1195	1221	1222	1228	1245	1009	1024	1041	1073	1074	1077	649	677	769	551	592	598	626	717	718	744	751	768	940	941	942	943	954	973	994	995	1007	1014	1106	1175	767	856	870	871	897	898	903	1156	612	617	653	699	721	743	558	562	584	607	625	635	652	667	648	676	697	698	706	716	742	752	765	766	812	665	675	679	688	695	696	700	714	715	782	825	912	1028	508	533	539	540	543	559	569	570	573	575	585	586	599	613	628	442	459	660	754	770	786	797	847	873	734	747	788	798	813	819	842	848	893	926	1000	1057	687	705	713	720	731	741	746	762	763	827	862	911	1021	1084	841	858	900	910	936	1104	1115	1121	1124	1133	1134	1266	753	829	851	883	886	969	970	986	1162	1011	1053	1065	1127	1151	1180	1265	1285	1302	673	712	728	740	778	795	799	809	822	831	867	868	875	515	632	647	651	659	664	674	678	685	686	722	729	730	733	750	823	582	583	591	623	624	633	634	643	644	224	365	470	507	572	576	587	597	606	610	631	646	658	472	506	526	528	529	534	166	288	295	61	65	67	68	70	73	2044	2479	2527	2600	6537	6738	6843	6861	6903	6924	6929	6997	7031	7045	7073	7131	7155	7198	5724	5762	6120	6269	6297	6413	6460	6548	6693	1	
Dist: 2063178.622261463280552
Execution time: 2687(ms)
TSP algorithm time: 2683(ms)
	Command being timed: "./k-means_mod ../dataset/kz9976.tsp"
	User time (seconds): 2.67
	System time (seconds): 0.00
	Percent of CPU this job got: 99%
	Elapsed (wall clock) time (h:mm:ss or m:ss): 0:02.68
	Average shared text size (kbytes): 0
	Average unshared data size (kbytes): 0
	Average stack size (kbytes): 0
	Average total size (kbytes): 0
	Maximum resident set size (kbytes): 4396
	Average resident set size (kbytes): 0
	Major (requiring I/O) page faults: 0
	Minor (reclaiming a frame) page faults: 500
	Voluntary context switches: 1
	Involuntary context switches: 3
	Swaps: 0
	File system inputs: 0
	File system outputs: 96
	Socket messages sent: 0
	Socket messages received: 0
	Signals delivered: 0
	Page size (bytes): 4096
	Exit status: 0
